16 144 1 192 192
0	0	0	0	0	0	0	0	0	0	0	0	0	0	0	0	0	0	0	0	0	0	0	0	0	0	0	0	0	0	0	0	0	0	0	0	0	0	0	0	0	0	0	0	0	0	0	0	0	0	0	0	0	0	0	0	0	0	0	0	0	0	0	0	0	0	0	0	0	0	0	0	0	0	0	0	0	0	0	0	0	0	0	0	0	0	0	0	0	0	0	0	0	0	0	0	1	1	1	1	1	1	1	1	1	1	1	1	1	1	1	1	1	1	1	1	1	1	1	1	1	1	1	1	1	1	1	1	1	1	1	1	1	1	1	1	1	1	1	1	1	1	1	1	1	1	1	1	1	1	1	1	1	1	1	1	1	1	1	1	2	1	1	2	2	1	1	2	2	1	1	2	2	1	1	2	2	1	1	2	2	1	1	2	2	1	1	2	2	1	1	2	
0	0	0	0	0	0	0	0	0	0	0	0	0	0	0	0	0	0	0	0	0	0	0	0	0	0	0	0	0	0	0	0	0	0	0	0	0	0	0	0	0	0	0	0	0	0	0	0	0	0	0	0	0	0	0	0	0	0	0	0	0	0	0	0	0	0	0	0	0	0	0	0	0	0	0	0	0	0	0	0	0	0	0	0	0	0	0	0	0	0	0	0	0	0	0	0	1	1	1	1	1	1	1	1	1	1	1	1	1	1	1	1	1	1	1	1	1	1	1	1	1	1	1	1	1	1	1	1	1	1	1	1	1	1	1	1	1	1	1	1	1	1	1	1	1	1	1	1	1	1	1	1	1	1	1	1	1	1	1	1	1	1	1	1	1	1	1	1	1	1	1	1	1	1	1	1	1	1	1	1	1	1	1	1	1	1	1	1	1	1	1	1	
0	0	0	0	0	0	0	0	0	0	0	0	0	0	0	0	0	0	0	0	0	0	0	0	0	0	0	0	0	0	0	0	0	0	0	0	0	0	0	0	0	0	0	0	0	0	0	0	0	0	0	0	0	0	0	0	0	0	0	0	0	0	0	0	0	0	0	0	0	0	0	0	0	0	0	0	0	0	0	0	0	0	0	0	0	0	0	0	0	0	0	0	0	0	0	0	3	4	3	4	3	4	3	4	3	4	3	4	3	4	3	4	3	4	3	4	3	4	3	4	3	4	3	4	3	4	3	4	1	1	5	6	7	8	5	1	6	7	5	6	7	8	5	6	7	8	5	1	6	7	5	6	7	8	5	1	6	7	1	1	1	1	9	10	10	10	10	10	10	10	10	11	12	10	10	11	12	10	10	10	10	10	10	11	12	10	10	10	10	10	1	1	
0	0	0	0	0	0	0	0	0	0	0	0	0	0	0	0	0	0	0	0	0	0	0	0	0	0	0	0	0	0	0	0	0	0	0	0	0	0	0	0	0	0	0	0	0	0	0	0	0	0	0	0	0	0	0	0	0	0	0	0	0	0	0	0	0	0	0	0	0	0	0	0	0	0	0	0	0	0	0	0	0	0	0	0	0	0	0	0	0	0	0	0	0	0	0	0	4	13	13	3	4	13	13	3	4	13	13	3	4	13	13	3	4	13	13	3	4	13	13	3	4	13	13	3	4	13	13	3	1	1	14	8	15	15	14	5	6	16	14	8	15	15	14	8	15	15	14	5	6	16	14	8	15	15	14	5	6	16	1	1	2	1	17	18	18	18	18	18	18	18	18	19	20	18	18	19	20	18	18	18	18	18	18	19	20	18	18	18	18	18	1	2	
0	0	0	0	0	0	0	0	0	0	0	0	0	0	0	0	0	0	0	0	0	0	0	0	0	0	0	0	0	0	0	0	0	0	0	0	0	0	0	0	0	0	0	0	0	0	0	0	0	0	0	0	0	0	0	0	0	0	0	0	0	0	0	0	0	0	0	0	0	0	0	0	0	0	0	0	0	0	0	0	0	0	0	0	0	0	0	0	0	0	0	0	0	0	0	0	3	4	21	22	22	22	22	23	24	25	26	23	24	25	26	23	24	25	26	23	24	25	26	23	21	22	22	22	22	22	3	4	1	1	15	15	15	15	27	8	8	15	15	15	15	15	15	15	15	15	27	8	8	15	15	15	15	15	27	8	8	15	1	1	2	1	17	18	18	18	18	18	18	18	18	19	20	18	18	19	20	18	18	18	18	18	18	19	20	18	18	18	18	18	1	2	
0	0	0	0	0	0	0	0	0	0	0	0	0	0	0	0	0	0	0	0	0	0	0	0	0	0	0	0	0	0	0	0	0	0	0	0	0	0	0	0	0	0	0	0	0	0	0	0	0	0	0	0	0	0	0	0	0	0	0	0	0	0	0	0	0	0	0	0	0	0	0	0	0	0	0	0	0	0	0	0	0	0	0	0	0	0	0	0	0	0	0	0	0	0	0	0	4	13	28	29	29	29	29	30	31	32	33	30	31	32	33	30	31	32	33	30	31	32	33	30	28	29	29	29	29	29	13	3	1	1	15	34	15	15	27	15	34	15	15	34	15	15	15	34	15	15	27	15	34	15	15	34	15	15	27	15	34	15	1	1	1	1	17	18	18	18	18	18	18	18	35	36	37	38	35	36	37	38	18	18	18	18	35	36	37	38	18	18	18	18	1	1	
0	0	0	0	0	0	0	0	0	0	0	0	0	0	0	0	0	0	0	0	0	0	0	0	0	0	0	0	0	0	0	0	0	0	0	0	0	0	0	0	0	0	0	0	0	0	0	0	0	0	0	0	0	0	0	0	0	0	0	0	0	0	0	0	0	0	0	0	0	0	0	0	0	0	0	0	0	0	0	0	0	0	0	0	0	0	0	0	0	0	0	0	0	0	0	0	3	4	28	29	29	29	29	30	28	29	29	30	28	29	29	30	28	29	29	30	28	29	29	30	28	29	3	4	3	4	3	4	1	1	34	39	15	15	40	39	41	42	15	39	41	42	34	39	15	15	40	39	41	42	34	39	15	15	40	39	41	42	1	1	1	1	17	18	18	18	18	18	18	18	1	1	1	1	1	43	43	1	1	43	43	1	1	1	1	1	44	18	18	18	1	1	
0	0	0	0	0	0	0	0	0	0	0	0	0	0	0	0	0	0	0	0	0	0	0	0	0	0	0	0	0	0	0	0	0	0	0	0	0	0	0	0	0	0	0	0	0	0	0	0	0	0	0	0	0	0	0	0	0	0	0	0	0	0	0	0	0	0	0	0	0	0	0	0	0	0	0	0	0	0	0	0	0	0	0	0	0	0	0	0	0	0	0	0	0	0	0	0	4	13	28	29	29	29	29	30	28	29	29	30	28	29	29	30	28	29	29	30	28	29	29	30	28	29	13	3	4	13	13	3	1	1	41	45	42	39	41	46	45	41	41	46	45	41	41	45	42	39	41	46	45	41	41	45	42	39	41	46	45	41	1	1	2	1	17	18	18	18	18	18	1	1	1	2	2	1	1	1	1	1	1	1	1	1	1	2	2	1	1	1	18	18	1	2	
0	0	0	0	0	0	0	0	0	0	0	0	0	0	0	0	0	0	0	0	0	0	0	0	0	0	0	0	0	0	0	0	0	0	0	0	0	0	0	0	0	0	0	0	0	0	0	0	0	0	0	0	0	0	0	0	0	0	0	0	0	0	0	0	0	0	0	0	0	0	0	0	0	0	0	0	0	0	0	0	0	0	0	0	0	0	0	0	0	0	0	0	0	0	0	0	3	4	28	29	47	48	29	30	28	29	29	30	28	29	29	30	28	29	29	30	28	29	29	30	28	29	22	22	49	50	3	4	1	1	51	52	41	46	45	46	45	46	45	46	45	46	45	45	41	46	45	46	45	46	45	45	41	46	45	46	49	50	1	1	2	1	51	52	18	18	18	18	53	10	1	2	2	1	1	2	2	1	1	2	2	1	1	2	2	1	9	10	18	18	1	2	
0	0	0	0	0	0	0	0	0	0	0	0	0	0	0	0	0	0	0	0	0	0	0	0	0	0	0	0	0	0	0	0	0	0	0	0	0	0	0	0	0	0	0	0	0	0	0	0	0	0	0	0	0	0	0	0	0	0	0	0	0	0	0	0	0	0	0	0	0	0	0	0	0	0	0	0	0	0	0	0	0	0	0	0	0	0	0	0	0	0	0	0	0	0	0	0	4	13	28	54	55	56	29	30	28	29	29	30	28	29	29	30	28	29	29	30	28	29	29	30	28	29	29	29	57	58	13	3	1	1	59	60	45	45	46	45	46	45	46	45	46	45	45	46	45	45	46	45	46	45	45	46	45	45	46	45	57	58	1	1	1	1	59	60	18	18	18	18	18	18	1	1	1	1	1	1	1	1	1	1	1	1	1	1	1	1	17	18	18	18	1	1	
0	0	0	0	0	0	0	0	0	0	0	0	0	0	0	0	0	0	0	0	0	0	0	0	0	0	0	0	0	0	0	0	0	0	0	0	0	0	0	0	0	0	0	0	0	0	0	0	0	0	0	0	0	0	0	0	0	0	0	0	0	0	0	0	0	0	0	0	0	0	0	0	0	0	0	0	0	0	0	0	0	0	0	0	0	0	0	0	0	0	0	0	0	0	0	0	3	4	3	54	3	4	61	30	28	29	29	30	28	29	3	4	3	4	61	30	28	29	29	30	28	29	3	4	3	4	3	4	1	1	62	63	62	63	64	64	64	64	62	63	62	63	64	64	64	64	62	63	62	63	64	64	64	64	62	63	62	63	1	1	1	1	1	1	1	1	44	18	18	18	10	11	12	10	10	10	10	10	10	11	12	10	1	1	1	1	17	18	18	18	1	1	
0	0	0	0	0	0	0	0	0	0	0	0	0	0	0	0	0	0	0	0	0	0	0	0	0	0	0	0	0	0	0	0	0	0	0	0	0	0	0	0	0	0	0	0	0	0	0	0	0	0	0	0	0	0	0	0	0	0	0	0	0	0	0	0	0	0	0	0	0	0	0	0	0	0	0	0	0	0	0	0	0	0	0	0	0	0	0	0	0	0	0	0	0	0	0	0	4	13	13	54	4	13	28	30	28	29	29	30	28	29	13	3	4	13	28	30	28	29	29	30	28	29	13	3	4	13	13	3	1	1	1	1	1	1	65	65	65	65	1	1	1	1	65	65	65	65	1	1	1	1	65	65	65	65	1	1	1	1	1	1	2	1	1	2	2	1	1	1	18	18	18	19	20	18	18	18	18	18	18	19	20	18	1	2	2	1	17	18	1	1	1	2	
0	0	0	0	0	0	0	0	0	0	0	0	0	0	0	0	0	0	0	0	0	0	0	0	0	0	0	0	0	0	0	0	0	0	0	0	0	0	0	0	0	0	0	0	0	0	0	0	0	0	0	0	0	0	0	0	0	0	0	0	0	0	0	0	0	0	0	0	0	0	0	0	0	0	0	0	0	0	0	0	0	0	0	0	0	0	0	0	0	0	0	0	0	0	0	0	3	4	21	54	21	22	66	30	28	29	29	30	28	29	22	23	21	22	66	30	28	67	29	30	28	67	22	23	24	25	3	4	1	1	1	1	1	1	62	63	62	63	1	1	1	1	62	63	62	63	1	1	1	1	62	63	62	63	1	1	1	1	1	1	2	1	1	2	2	1	9	10	18	18	18	19	20	18	18	18	18	18	18	19	20	18	1	2	2	1	17	18	53	10	1	2	
0	0	0	0	0	0	0	0	0	0	0	0	0	0	0	0	0	0	0	0	0	0	0	0	0	0	0	0	0	0	0	0	0	0	0	0	0	0	0	0	0	0	0	0	0	0	0	0	0	0	0	0	0	0	0	0	0	0	0	0	0	0	0	0	0	0	0	0	0	0	0	0	0	0	0	0	0	0	0	0	0	0	0	0	0	0	0	0	0	0	0	0	0	0	0	0	4	13	28	54	28	29	29	30	28	29	29	30	28	29	29	30	28	29	29	68	28	69	29	68	28	69	29	30	31	32	13	3	1	1	1	1	1	1	1	1	1	1	1	1	1	1	1	1	1	1	1	1	1	1	1	1	1	1	1	1	1	1	1	1	1	1	1	1	1	1	17	18	18	18	35	36	37	38	18	18	18	18	35	36	37	38	1	1	1	1	17	18	18	18	1	1	
0	0	0	0	0	0	0	0	0	0	0	0	0	0	0	0	0	0	0	0	0	0	0	0	0	0	0	0	0	0	0	0	0	0	0	0	0	0	0	0	0	0	0	0	0	0	0	0	0	0	0	0	0	0	0	0	0	0	0	0	0	0	0	0	0	0	0	0	0	0	0	0	0	0	0	0	0	0	0	0	0	0	0	0	0	0	0	0	0	0	0	0	0	0	0	0	3	4	28	54	28	29	29	30	28	29	29	30	28	29	29	30	28	29	3	4	3	4	3	4	3	4	61	30	28	29	3	4	1	1	1	1	1	1	1	1	1	1	1	1	1	1	1	1	1	1	1	1	1	1	1	1	1	1	1	1	1	1	1	1	1	1	1	1	1	1	1	1	1	1	1	1	1	1	1	1	1	1	1	1	1	1	1	1	1	1	44	18	18	18	1	1	
0	0	0	0	0	0	0	0	0	0	0	0	0	0	0	0	0	0	0	0	0	0	0	0	0	0	0	0	0	0	0	0	0	0	0	0	0	0	0	0	0	0	0	0	0	0	0	0	0	0	0	0	0	0	0	0	0	0	0	0	0	0	0	0	0	0	0	0	0	0	0	0	0	0	0	0	0	0	0	0	0	0	0	0	0	0	0	0	0	0	0	0	0	0	0	0	4	13	28	54	28	29	29	30	28	29	29	30	28	29	29	30	28	29	13	3	4	13	13	3	4	13	28	30	28	29	13	3	1	1	1	1	1	1	1	1	1	1	1	1	1	1	1	1	1	1	1	1	1	1	1	1	1	1	1	1	1	1	1	1	2	1	1	2	2	1	1	2	2	1	1	2	2	1	1	2	2	1	1	2	2	1	1	2	2	1	1	1	18	18	1	2	
0	0	0	0	0	0	0	0	0	0	0	0	0	0	0	0	0	0	0	0	0	0	0	0	0	0	0	0	0	0	0	0	0	0	0	0	0	0	0	0	0	0	0	0	0	0	0	0	0	0	0	0	0	0	0	0	0	0	0	0	0	0	0	0	0	0	0	0	0	0	0	0	0	0	0	0	0	0	0	0	0	0	0	0	0	0	0	0	0	0	0	0	0	0	0	0	3	4	28	54	28	29	29	30	28	29	29	30	28	29	29	30	28	67	22	23	24	25	26	23	21	22	66	30	28	29	3	4	1	1	1	1	1	1	1	1	1	1	1	1	1	1	1	1	1	1	1	1	1	1	1	1	1	1	1	1	1	1	1	1	2	1	1	2	2	1	1	2	2	1	1	2	2	1	1	2	2	1	1	2	2	1	1	2	2	1	9	10	18	18	1	2	
0	0	0	0	0	0	0	0	0	0	0	0	0	0	0	0	0	0	0	0	0	0	0	0	0	0	0	0	0	0	0	0	0	0	0	0	0	0	0	0	0	0	0	0	0	0	0	0	0	0	0	0	0	0	0	0	0	0	0	0	0	0	0	0	0	0	0	0	0	0	0	0	0	0	0	0	0	0	0	0	0	0	0	0	0	0	0	0	0	0	0	0	0	0	0	0	4	13	28	54	28	29	29	30	28	29	29	30	28	29	29	68	28	69	29	30	31	32	33	30	28	29	29	30	28	29	13	3	1	1	1	1	1	1	1	1	1	1	1	1	1	1	1	1	1	1	1	1	1	1	1	1	1	1	1	1	1	1	1	1	1	1	1	1	1	1	1	1	1	1	1	1	1	1	1	1	1	1	1	1	1	1	1	1	1	1	17	18	18	18	1	1	
0	0	0	0	0	0	0	0	0	0	0	0	0	0	0	0	0	0	0	0	0	0	0	0	0	0	0	0	0	0	0	0	0	0	0	0	0	0	0	0	0	0	0	0	0	0	0	0	0	0	0	0	0	0	0	0	0	0	0	0	0	0	0	0	0	0	0	0	0	0	0	0	0	0	0	0	0	0	0	0	0	0	0	0	0	0	0	0	0	0	0	0	0	0	0	0	3	4	28	54	28	29	29	30	28	29	29	30	28	29	3	4	3	4	61	30	28	29	29	30	28	29	29	30	28	29	3	4	1	1	1	1	1	1	1	1	1	1	1	1	1	1	1	1	1	1	1	1	1	1	1	1	1	1	1	1	1	1	1	1	1	1	9	10	10	10	10	10	10	10	1	1	1	1	9	10	10	10	10	11	12	10	10	10	10	10	70	18	18	18	1	1	
0	0	0	0	0	0	0	0	0	0	0	0	0	0	0	0	0	0	0	0	0	0	0	0	0	0	0	0	0	0	0	0	0	0	0	0	0	0	0	0	0	0	0	0	0	0	0	0	0	0	0	0	0	0	0	0	0	0	0	0	0	0	0	0	0	0	0	0	0	0	0	0	0	0	0	0	0	0	0	0	0	0	0	0	0	0	0	0	0	0	0	0	0	0	0	0	4	13	28	54	28	29	29	30	28	29	29	30	28	29	13	3	4	13	28	30	28	29	29	30	28	29	29	30	28	29	13	3	1	1	3	4	3	4	3	4	3	4	3	4	3	4	3	4	3	4	3	4	3	4	3	4	3	4	3	4	3	4	1	1	2	1	17	18	18	18	18	18	18	18	1	2	2	1	17	18	18	18	18	19	20	18	18	18	18	18	18	18	1	1	1	2	
0	0	0	0	0	0	0	0	0	0	0	0	0	0	0	0	0	0	0	0	0	0	0	0	0	0	0	0	0	0	0	0	0	0	0	0	0	0	0	0	0	0	0	0	0	0	0	0	0	0	0	0	0	0	0	0	0	0	0	0	0	0	0	0	0	0	0	0	0	0	0	0	0	0	0	0	0	0	0	0	0	0	0	0	0	0	0	0	0	0	0	0	0	0	0	0	3	4	28	54	28	67	29	30	28	67	29	30	28	67	22	22	22	22	66	30	28	67	29	30	28	29	29	30	28	67	3	4	1	1	71	71	71	71	71	72	73	74	71	72	73	74	71	72	73	74	71	72	73	74	71	72	73	74	71	72	73	74	1	1	2	1	17	18	18	18	18	18	18	18	1	2	2	1	17	18	18	18	18	19	20	18	18	18	18	18	18	18	53	10	1	2	
0	0	0	0	0	0	0	0	0	0	0	0	0	0	0	0	0	0	0	0	0	0	0	0	0	0	0	0	0	0	0	0	0	0	0	0	0	0	0	0	0	0	0	0	0	0	0	0	0	0	0	0	0	0	0	0	0	0	0	0	0	0	0	0	0	0	0	0	0	0	0	0	0	0	0	0	0	0	0	0	0	0	0	0	0	0	0	0	0	0	0	0	0	0	0	0	4	13	28	54	28	69	29	68	28	69	29	68	28	69	29	29	29	29	29	68	28	69	29	30	28	29	29	68	28	69	13	3	1	1	71	71	21	22	22	22	75	71	21	22	75	71	21	22	75	71	21	22	75	71	21	22	75	71	21	22	75	71	1	1	1	1	17	18	18	18	18	18	18	18	1	1	1	1	17	18	18	18	35	36	37	38	18	18	18	18	18	18	18	18	1	1	
0	0	0	0	0	0	0	0	0	0	0	0	0	0	0	0	0	0	0	0	0	0	0	0	0	0	0	0	0	0	0	0	0	0	0	0	0	0	0	0	0	0	0	0	0	0	0	0	0	0	0	0	0	0	0	0	0	0	0	0	0	0	0	0	0	0	0	0	0	0	0	0	0	0	0	0	0	0	0	0	0	0	0	0	0	0	0	0	0	0	0	0	0	0	0	0	3	4	3	4	3	4	43	43	43	43	3	4	3	4	3	4	3	4	3	4	3	4	61	30	28	29	3	4	3	4	3	4	1	1	71	71	28	29	29	29	76	71	28	29	76	71	28	29	76	71	28	29	76	71	28	29	76	71	28	29	76	71	1	1	1	1	17	18	18	18	18	18	18	18	1	1	1	1	44	18	18	18	1	1	1	1	1	43	43	1	44	18	18	18	1	1	
0	0	0	0	0	0	0	0	0	0	0	0	0	0	0	0	0	0	0	0	0	0	0	0	0	0	0	0	0	0	0	0	0	0	0	0	0	0	0	0	0	0	0	0	0	0	0	0	0	0	0	0	0	0	0	0	0	0	0	0	0	0	0	0	0	0	0	0	0	0	0	0	0	0	0	0	0	0	0	0	0	0	0	0	0	0	0	0	0	0	0	0	0	0	0	0	4	13	13	3	4	13	13	3	4	13	13	3	4	13	13	3	4	13	13	3	4	13	28	30	28	29	13	3	4	13	13	3	1	1	71	71	28	29	29	29	76	71	28	29	76	71	28	29	76	71	28	29	76	71	28	29	76	71	28	29	76	71	1	1	2	1	17	18	18	18	18	18	1	1	1	2	2	1	1	1	18	18	1	2	2	1	1	1	1	1	1	1	18	18	1	2	
0	0	0	0	0	0	0	0	0	0	0	0	0	0	0	0	0	0	0	0	0	0	0	0	0	0	0	0	0	0	0	0	0	0	0	0	0	0	0	0	0	0	0	0	0	0	0	0	0	0	0	0	0	0	0	0	0	0	0	0	0	0	0	0	0	0	0	0	0	0	0	0	0	0	0	0	0	0	0	0	0	0	0	0	0	0	0	0	0	0	0	0	0	0	0	0	3	4	21	23	24	25	26	23	24	25	26	23	24	25	26	23	24	25	26	23	21	22	66	30	28	67	22	23	24	25	3	4	1	1	71	71	28	29	29	29	76	71	28	29	76	71	28	29	76	71	28	29	76	71	28	29	76	71	28	29	49	50	1	1	2	1	51	52	18	18	18	18	53	10	1	2	2	1	9	10	18	18	1	2	2	1	1	2	2	1	9	10	18	18	1	2	
0	0	0	0	0	0	0	0	0	0	0	0	0	0	0	0	0	0	0	0	0	0	0	0	0	0	0	0	0	0	0	0	0	0	0	0	0	0	0	0	0	0	0	0	0	0	0	0	0	0	0	0	0	0	0	0	0	0	0	0	0	0	0	0	0	0	0	0	0	0	0	0	0	0	0	0	0	0	0	0	0	0	0	0	0	0	0	0	0	0	0	0	0	0	0	0	4	13	28	30	31	32	33	30	31	32	33	30	31	32	33	30	31	32	33	30	28	29	29	68	28	69	29	30	31	32	13	3	1	1	71	71	28	29	29	29	76	71	28	29	76	71	28	29	76	71	28	29	76	71	28	29	76	71	28	29	57	58	1	1	1	1	59	60	18	18	18	18	18	18	1	1	1	1	17	18	18	18	1	1	1	1	1	1	1	1	17	18	18	18	1	1	
0	0	0	0	0	0	0	0	0	0	0	0	0	0	0	0	0	0	0	0	0	0	0	0	0	0	0	0	0	0	0	0	0	0	0	0	0	0	0	0	0	0	0	0	0	0	0	0	0	0	0	0	0	0	0	0	0	0	0	0	0	0	0	0	0	0	0	0	0	0	0	0	0	0	0	0	0	0	0	0	0	0	0	0	0	0	0	0	0	0	0	0	0	0	0	0	3	4	28	30	28	29	29	30	28	29	29	30	28	29	29	30	28	29	29	30	28	29	3	4	3	4	61	30	28	29	3	4	1	1	71	71	47	48	29	67	76	71	28	67	76	71	28	67	76	71	28	67	76	71	28	67	76	71	3	4	1	1	1	1	1	1	1	1	1	1	44	18	18	18	10	11	12	10	70	18	18	18	1	1	1	1	10	11	12	10	70	18	18	18	1	1	
0	0	0	0	0	0	0	0	0	0	0	0	0	0	0	0	0	0	0	0	0	0	0	0	0	0	0	0	0	0	0	0	0	0	0	0	0	0	0	0	0	0	0	0	0	0	0	0	0	0	0	0	0	0	0	0	0	0	0	0	0	0	0	0	0	0	0	0	0	0	0	0	0	0	0	0	0	0	0	0	0	0	0	0	0	0	0	0	0	0	0	0	0	0	0	0	4	13	28	30	28	29	29	30	28	29	29	30	28	29	29	30	28	29	29	30	28	29	13	3	4	13	28	30	28	29	13	3	1	1	71	71	55	56	29	69	77	71	28	69	77	71	28	69	77	71	28	69	77	71	28	69	77	71	1	1	1	1	1	1	2	1	1	2	2	1	1	1	18	18	18	19	20	18	18	18	1	1	1	2	2	1	18	19	20	18	18	18	1	1	1	2	
0	0	0	0	0	0	0	0	0	0	0	0	0	0	0	0	0	0	0	0	0	0	0	0	0	0	0	0	0	0	0	0	0	0	0	0	0	0	0	0	0	0	0	0	0	0	0	0	0	0	0	0	0	0	0	0	0	0	0	0	0	0	0	0	0	0	0	0	0	0	0	0	0	0	0	0	0	0	0	0	0	0	0	0	0	0	0	0	0	0	0	0	0	0	0	0	3	4	28	30	28	67	29	30	28	29	29	30	28	67	29	30	28	67	29	30	28	67	22	22	22	22	66	30	28	67	3	4	1	1	3	4	3	4	3	4	3	4	3	4	3	4	3	4	3	4	3	4	3	4	3	4	3	4	1	1	1	1	1	1	2	1	1	2	2	1	9	10	18	18	18	19	20	18	18	18	53	10	1	2	2	1	18	19	20	18	18	18	53	10	1	2	
0	0	0	0	0	0	0	0	0	0	0	0	0	0	0	0	0	0	0	0	0	0	0	0	0	0	0	0	0	0	0	0	0	0	0	0	0	0	0	0	0	0	0	0	0	0	0	0	0	0	0	0	0	0	0	0	0	0	0	0	0	0	0	0	0	0	0	0	0	0	0	0	0	0	0	0	0	0	0	0	0	0	0	0	0	0	0	0	0	0	0	0	0	0	0	0	4	13	28	68	28	69	29	30	28	29	29	68	28	69	29	68	28	69	29	68	28	69	29	29	29	29	29	68	28	69	13	3	1	1	1	1	1	1	1	1	1	1	1	1	1	1	1	1	1	1	1	1	1	1	1	1	1	1	1	1	1	1	1	1	1	1	1	1	1	1	17	18	18	18	35	36	37	38	18	18	18	18	1	1	1	1	35	36	37	38	18	18	18	18	1	1	
0	0	0	0	0	0	0	0	0	0	0	0	0	0	0	0	0	0	0	0	0	0	0	0	0	0	0	0	0	0	0	0	0	0	0	0	0	0	0	0	0	0	0	0	0	0	0	0	0	0	0	0	0	0	0	0	0	0	0	0	0	0	0	0	0	0	0	0	0	0	0	0	0	0	0	0	0	0	0	0	0	0	0	0	0	0	0	0	0	0	0	0	0	0	0	0	3	4	3	4	3	4	61	30	28	29	3	4	3	4	43	43	43	43	3	4	3	4	3	4	3	4	3	4	3	4	3	4	1	1	1	1	1	1	1	1	1	1	1	1	1	1	1	1	1	1	1	1	1	1	1	1	1	1	1	1	1	1	1	1	1	1	1	1	1	1	1	43	43	1	1	1	1	1	1	43	43	1	1	1	1	1	1	1	1	1	1	1	1	1	1	1	
0	0	0	0	0	0	0	0	0	0	0	0	0	0	0	0	0	0	0	0	0	0	0	0	0	0	0	0	0	0	0	0	0	0	0	0	0	0	0	0	0	0	0	0	0	0	0	0	0	0	0	0	0	0	0	0	0	0	0	0	0	0	0	0	0	0	0	0	0	0	0	0	0	0	0	0	0	0	0	0	0	0	0	0	0	0	0	0	0	0	0	0	0	0	0	0	4	13	13	3	4	13	28	30	28	29	13	3	4	13	13	3	4	13	13	3	4	13	13	3	4	13	13	3	4	13	13	3	1	1	1	1	1	1	1	1	1	1	1	1	1	1	1	1	1	1	1	1	1	1	1	1	1	1	1	1	1	1	1	1	2	1	1	2	2	1	1	1	1	1	1	2	2	1	1	1	1	1	1	2	2	1	1	2	2	1	1	2	2	1	1	2	
0	0	0	0	0	0	0	0	0	0	0	0	0	0	0	0	0	0	0	0	0	0	0	0	0	0	0	0	0	0	0	0	0	0	0	0	0	0	0	0	0	0	0	0	0	0	0	0	0	0	0	0	0	0	0	0	0	0	0	0	0	0	0	0	0	0	0	0	0	0	0	0	0	0	0	0	0	0	0	0	0	0	0	0	0	0	0	0	0	0	0	0	0	0	0	0	3	4	21	23	21	22	66	30	28	67	22	23	24	25	26	23	24	25	26	23	24	25	26	23	24	25	26	23	24	25	3	4	3	4	3	4	3	4	3	4	3	4	3	4	3	4	3	4	3	4	3	4	3	4	3	4	3	4	3	4	3	4	3	4	2	1	1	2	2	1	1	2	2	1	1	2	2	1	1	2	2	1	1	2	2	1	1	2	2	1	1	2	2	1	1	2	
0	0	0	0	0	0	0	0	0	0	0	0	0	0	0	0	0	0	0	0	0	0	0	0	0	0	0	0	0	0	0	0	0	0	0	0	0	0	0	0	0	0	0	0	0	0	0	0	0	0	0	0	0	0	0	0	0	0	0	0	0	0	0	0	0	0	0	0	0	0	0	0	0	0	0	0	0	0	0	0	0	0	0	0	0	0	0	0	0	0	0	0	0	0	0	0	4	13	28	30	28	29	29	68	28	69	29	30	31	32	33	30	31	32	33	30	31	32	33	30	31	32	33	30	31	32	13	3	4	13	13	3	4	13	13	3	4	13	13	3	4	13	13	3	4	13	13	3	4	13	13	3	4	13	13	3	4	13	13	3	1	1	1	1	1	1	1	1	1	1	1	1	1	1	1	1	1	1	1	1	1	1	1	1	1	1	1	1	1	1	1	1	
0	0	0	0	0	0	0	0	0	0	0	0	0	0	0	0	0	0	0	0	0	0	0	0	0	0	0	0	0	0	0	0	0	0	0	0	0	0	0	0	0	0	0	0	0	0	0	0	0	0	0	0	0	0	0	0	0	0	0	0	0	0	0	0	0	0	0	0	0	0	0	0	0	0	0	0	0	0	0	0	0	0	0	0	0	0	0	0	0	0	0	0	0	0	0	0	3	4	28	30	28	29	3	4	3	4	61	30	28	29	29	30	28	29	29	30	28	29	29	30	28	29	29	30	28	29	3	4	3	4	3	4	3	4	3	4	3	4	3	4	3	4	3	4	3	4	3	4	3	4	3	4	3	4	3	4	3	4	3	4	62	63	71	71	71	71	71	71	71	71	71	71	71	71	71	71	71	71	71	71	71	71	71	71	71	71	71	71	71	71	1	1	
0	0	0	0	0	0	0	0	0	0	0	0	0	0	0	0	0	0	0	0	0	0	0	0	0	0	0	0	0	0	0	0	0	0	0	0	0	0	0	0	0	0	0	0	0	0	0	0	0	0	0	0	0	0	0	0	0	0	0	0	0	0	0	0	0	0	0	0	0	0	0	0	0	0	0	0	0	0	0	0	0	0	0	0	0	0	0	0	0	0	0	0	0	0	0	0	4	13	28	30	28	29	13	3	4	13	28	30	28	29	29	30	28	29	29	30	28	29	29	30	28	29	29	30	28	29	13	3	4	13	13	3	4	13	13	3	4	13	13	3	4	13	13	3	4	13	13	3	4	13	13	3	4	13	13	3	4	13	13	3	63	78	71	71	71	71	71	71	71	71	71	71	71	71	71	71	71	71	71	71	71	71	71	71	71	71	71	71	71	71	1	2	
0	0	0	0	0	0	0	0	0	0	0	0	0	0	0	0	0	0	0	0	0	0	0	0	0	0	0	0	0	0	0	0	0	0	0	0	0	0	0	0	0	0	0	0	0	0	0	0	0	0	0	0	0	0	0	0	0	0	0	0	0	0	0	0	0	0	0	0	0	0	0	0	0	0	0	0	0	0	0	0	0	0	0	0	0	0	0	0	0	0	0	0	0	0	0	0	3	4	28	30	28	67	22	22	22	22	66	30	28	67	29	30	28	67	29	30	28	29	29	30	28	29	29	30	28	67	3	4	3	4	21	22	22	22	22	23	24	25	26	23	24	25	26	23	24	25	26	23	24	25	26	23	24	25	26	23	24	25	3	4	62	63	71	71	71	71	71	71	71	71	71	71	71	71	71	71	71	71	71	71	71	71	71	71	71	71	71	71	71	71	1	2	
0	0	0	0	0	0	0	0	0	0	0	0	0	0	0	0	0	0	0	0	0	0	0	0	0	0	0	0	0	0	0	0	0	0	0	0	0	0	0	0	0	0	0	0	0	0	0	0	0	0	0	0	0	0	0	0	0	0	0	0	0	0	0	0	0	0	0	0	0	0	0	0	0	0	0	0	0	0	0	0	0	0	0	0	0	0	0	0	0	0	0	0	0	0	0	0	4	13	28	68	28	69	29	29	29	29	29	68	28	69	29	68	28	69	29	30	28	29	29	30	28	29	29	68	28	69	13	3	4	13	28	29	29	29	29	30	31	32	33	30	31	32	33	30	31	32	33	30	31	32	33	30	31	32	33	30	31	32	13	3	63	78	71	71	71	71	71	71	71	71	71	71	71	71	71	71	71	71	71	71	71	71	71	71	71	71	71	71	71	71	1	1	
0	0	0	0	0	0	0	0	0	0	0	0	0	0	0	0	0	0	0	0	0	0	0	0	0	0	0	0	0	0	0	0	0	0	0	0	0	0	0	0	0	0	0	0	0	0	0	0	0	0	0	0	0	0	0	0	0	0	0	0	0	0	0	0	0	0	0	0	0	0	0	0	0	0	0	0	0	0	0	0	0	0	0	0	0	0	0	0	0	0	0	0	0	0	0	0	3	4	3	4	3	4	3	4	3	4	3	4	3	4	3	4	3	4	61	30	28	29	29	30	28	29	3	4	3	4	3	4	3	4	3	4	3	4	61	30	28	29	29	30	28	29	29	30	28	29	29	30	28	29	29	30	28	29	29	30	28	29	3	4	62	63	71	71	71	71	71	71	71	71	71	71	71	71	71	71	71	71	71	71	71	71	71	71	71	71	71	71	71	71	1	1	
0	0	0	0	0	0	0	0	0	0	0	0	0	0	0	0	0	0	0	0	0	0	0	0	0	0	0	0	0	0	0	0	0	0	0	0	0	0	0	0	0	0	0	0	0	0	0	0	0	0	0	0	0	0	0	0	0	0	0	0	0	0	0	0	0	0	0	0	0	0	0	0	0	0	0	0	0	0	0	0	0	0	0	0	0	0	0	0	0	0	0	0	0	0	0	0	4	13	13	3	4	13	13	3	4	13	13	3	4	13	13	3	4	13	28	30	28	29	29	30	28	29	13	3	4	13	13	3	4	13	13	3	4	13	28	30	28	29	29	30	28	29	29	30	28	29	29	30	28	29	29	30	28	29	29	30	28	29	13	3	63	78	71	71	71	71	71	71	71	71	71	71	71	71	71	71	71	71	71	71	71	71	71	71	71	71	71	71	71	71	1	2	
0	0	0	0	0	0	0	0	0	0	0	0	0	0	0	0	0	0	0	0	0	0	0	0	0	0	0	0	0	0	0	0	0	0	0	0	0	0	0	0	0	0	0	0	0	0	0	0	0	0	0	0	0	0	0	0	0	0	0	0	0	0	0	0	0	0	0	0	0	0	0	0	0	0	0	0	0	0	0	0	0	0	0	0	0	0	0	0	0	0	0	0	0	0	0	0	3	4	21	23	24	25	26	23	24	25	26	23	24	25	26	23	21	22	66	30	28	67	29	30	28	67	22	22	49	50	3	4	3	4	51	52	21	22	66	30	28	29	29	30	28	29	29	30	28	29	29	30	28	29	29	30	28	29	29	30	28	29	3	4	62	63	71	71	71	71	71	71	71	71	71	71	71	71	71	71	71	71	71	71	71	71	71	71	71	71	71	71	71	71	1	2	
0	0	0	0	0	0	0	0	0	0	0	0	0	0	0	0	0	0	0	0	0	0	0	0	0	0	0	0	0	0	0	0	0	0	0	0	0	0	0	0	0	0	0	0	0	0	0	0	0	0	0	0	0	0	0	0	0	0	0	0	0	0	0	0	0	0	0	0	0	0	0	0	0	0	0	0	0	0	0	0	0	0	0	0	0	0	0	0	0	0	0	0	0	0	0	0	4	13	28	30	31	32	33	30	31	32	33	30	31	32	33	30	28	29	29	68	28	69	29	68	28	69	29	29	57	58	13	3	4	13	59	60	28	29	29	30	28	29	29	30	28	29	29	30	28	29	29	30	28	29	29	30	28	29	29	30	28	29	13	3	63	78	71	71	71	71	71	71	71	71	71	71	71	71	71	71	71	71	71	71	71	71	71	71	71	71	71	71	71	71	1	1	
0	0	0	0	0	0	0	0	0	0	0	0	0	0	0	0	0	0	0	0	0	0	0	0	0	0	0	0	0	0	0	0	0	0	0	0	0	0	0	0	0	0	0	0	0	0	0	0	0	0	0	0	0	0	0	0	0	0	0	0	0	0	0	0	0	0	0	0	0	0	0	0	0	0	0	0	0	0	0	0	0	0	0	0	0	0	0	0	0	0	0	0	0	0	0	0	3	4	28	30	28	29	29	30	28	29	29	30	28	29	29	30	28	29	3	4	3	4	3	4	3	4	3	4	3	4	3	4	3	4	3	4	3	4	61	30	28	29	29	30	28	29	29	30	28	29	29	30	28	29	29	30	28	29	29	30	28	29	3	4	62	63	71	71	71	71	71	71	71	71	71	71	71	71	71	71	71	71	71	71	71	71	71	71	71	71	71	71	71	71	1	1	
0	0	0	0	0	0	0	0	0	0	0	0	0	0	0	0	0	0	0	0	0	0	0	0	0	0	0	0	0	0	0	0	0	0	0	0	0	0	0	0	0	0	0	0	0	0	0	0	0	0	0	0	0	0	0	0	0	0	0	0	0	0	0	0	0	0	0	0	0	0	0	0	0	0	0	0	0	0	0	0	0	0	0	0	0	0	0	0	0	0	0	0	0	0	0	0	4	13	28	30	28	29	29	30	28	29	29	30	28	29	29	30	28	29	13	3	4	13	13	3	4	13	13	3	4	13	13	3	4	13	13	3	4	13	28	30	28	29	29	30	28	29	29	30	28	29	29	30	28	29	29	30	28	29	29	30	28	29	13	3	63	78	71	71	71	71	71	71	71	71	71	71	71	71	71	71	71	71	71	71	71	71	71	71	71	71	71	71	71	71	1	2	
0	0	0	0	0	0	0	0	0	0	0	0	0	0	0	0	0	0	0	0	0	0	0	0	0	0	0	0	0	0	0	0	0	0	0	0	0	0	0	0	0	0	0	0	0	0	0	0	0	0	0	0	0	0	0	0	0	0	0	0	0	0	0	0	0	0	0	0	0	0	0	0	0	0	0	0	0	0	0	0	0	0	0	0	0	0	0	0	0	0	0	0	0	0	0	0	3	4	28	30	28	29	29	30	28	67	29	30	28	67	29	30	28	67	22	23	24	25	26	23	24	25	26	23	24	25	3	4	3	4	21	22	22	22	66	30	28	67	29	30	28	67	29	30	28	67	29	30	28	67	29	30	47	48	29	30	28	67	3	4	62	63	71	71	71	71	71	71	71	71	71	71	71	71	71	71	71	71	71	71	71	71	71	71	71	71	71	71	71	71	1	2	
0	0	0	0	0	0	0	0	0	0	0	0	0	0	0	0	0	0	0	0	0	0	0	0	0	0	0	0	0	0	0	0	0	0	0	0	0	0	0	0	0	0	0	0	0	0	0	0	0	0	0	0	0	0	0	0	0	0	0	0	0	0	0	0	0	0	0	0	0	0	0	0	0	0	0	0	0	0	0	0	0	0	0	0	0	0	0	0	0	0	0	0	0	0	0	0	4	13	28	30	28	29	29	68	28	69	29	68	28	69	29	68	28	69	29	30	31	32	33	30	31	32	33	30	31	32	13	3	4	13	28	29	29	29	29	68	28	69	29	68	28	69	29	68	28	69	29	68	28	69	29	68	55	56	29	68	28	69	13	3	63	78	71	71	71	71	71	71	71	71	71	71	71	71	71	71	71	71	71	71	71	71	71	71	71	71	71	71	71	71	1	1	
0	0	0	0	0	0	0	0	0	0	0	0	0	0	0	0	0	0	0	0	0	0	0	0	0	0	0	0	0	0	0	0	0	0	0	0	0	0	0	0	0	0	0	0	0	0	0	0	0	0	0	0	0	0	0	0	0	0	0	0	0	0	0	0	0	0	0	0	0	0	0	0	0	0	0	0	0	0	0	0	0	0	0	0	0	0	0	0	0	0	0	0	0	0	0	0	3	4	28	30	28	29	3	4	3	4	43	43	43	43	3	4	3	4	61	30	28	29	29	30	28	29	29	30	28	29	3	4	3	4	3	4	3	4	3	4	3	4	3	4	3	4	3	4	3	4	3	4	3	4	3	4	3	4	3	4	3	4	3	4	3	4	3	4	3	4	3	4	3	4	3	4	3	4	3	4	3	4	3	4	3	4	3	4	3	4	3	4	3	4	1	1	
0	0	0	0	0	0	0	0	0	0	0	0	0	0	0	0	0	0	0	0	0	0	0	0	0	0	0	0	0	0	0	0	0	0	0	0	0	0	0	0	0	0	0	0	0	0	0	0	0	0	0	0	0	0	0	0	0	0	0	0	0	0	0	0	0	0	0	0	0	0	0	0	0	0	0	0	0	0	0	0	0	0	0	0	0	0	0	0	0	0	0	0	0	0	0	0	4	13	28	30	28	29	13	3	4	13	13	3	4	13	13	3	4	13	28	30	28	29	29	30	28	29	29	30	28	29	13	3	4	13	13	3	4	13	13	3	4	13	13	3	4	13	13	3	4	13	13	3	4	13	13	3	4	13	13	3	4	13	13	3	4	13	13	3	4	13	13	3	4	13	13	3	4	13	13	3	4	13	13	3	4	13	13	3	4	13	13	3	4	13	1	2	
0	0	0	0	0	0	0	0	0	0	0	0	0	0	0	0	0	0	0	0	0	0	0	0	0	0	0	0	0	0	0	0	0	0	0	0	0	0	0	0	0	0	0	0	0	0	0	0	0	0	0	0	0	0	0	0	0	0	0	0	0	0	0	0	0	0	0	0	0	0	0	0	0	0	0	0	0	0	0	0	0	0	0	0	0	0	0	0	0	0	0	0	0	0	0	0	3	4	28	30	28	67	22	23	24	25	26	23	24	25	26	23	21	22	66	30	28	29	29	30	28	29	29	30	28	29	3	4	0	0	0	0	0	0	0	0	0	0	0	0	0	0	0	0	0	0	0	0	0	0	0	0	0	0	0	0	0	0	0	0	0	0	0	0	0	0	0	0	0	0	0	0	0	0	0	0	0	0	0	0	0	0	0	0	0	0	0	0	0	0	0	0	
0	0	0	0	0	0	0	0	0	0	0	0	0	0	0	0	0	0	0	0	0	0	0	0	0	0	0	0	0	0	0	0	0	0	0	0	0	0	0	0	0	0	0	0	0	0	0	0	0	0	0	0	0	0	0	0	0	0	0	0	0	0	0	0	0	0	0	0	0	0	0	0	0	0	0	0	0	0	0	0	0	0	0	0	0	0	0	0	0	0	0	0	0	0	0	0	4	13	28	68	28	69	29	30	31	32	33	30	31	32	33	30	28	29	29	30	28	29	29	30	28	29	29	30	28	29	13	3	0	0	0	0	0	0	0	0	0	0	0	0	0	0	0	0	0	0	0	0	0	0	0	0	0	0	0	0	0	0	0	0	0	0	0	0	0	0	0	0	0	0	0	0	0	0	0	0	0	0	0	0	0	0	0	0	0	0	0	0	0	0	0	0	
0	0	0	0	0	0	0	0	0	0	0	0	0	0	0	0	0	0	0	0	0	0	0	0	0	0	0	0	0	0	0	0	0	0	0	0	0	0	0	0	0	0	0	0	0	0	0	0	0	0	0	0	0	0	0	0	0	0	0	0	0	0	0	0	0	0	0	0	0	0	0	0	0	0	0	0	0	0	0	0	0	0	0	0	0	0	0	0	0	0	0	0	0	0	0	0	3	4	3	4	3	4	61	30	28	29	29	30	28	29	29	30	28	29	29	30	28	29	29	30	28	29	29	30	28	29	3	4	0	0	0	0	0	0	0	0	0	0	0	0	0	0	0	0	0	0	0	0	0	0	0	0	0	0	0	0	0	0	0	0	0	0	0	0	0	0	0	0	0	0	0	0	0	0	0	0	0	0	0	0	0	0	0	0	0	0	0	0	0	0	0	0	
0	0	0	0	0	0	0	0	0	0	0	0	0	0	0	0	0	0	0	0	0	0	0	0	0	0	0	0	0	0	0	0	0	0	0	0	0	0	0	0	0	0	0	0	0	0	0	0	0	0	0	0	0	0	0	0	0	0	0	0	0	0	0	0	0	0	0	0	0	0	0	0	0	0	0	0	0	0	0	0	0	0	0	0	0	0	0	0	0	0	0	0	0	0	0	0	4	13	13	3	4	13	28	30	28	29	29	30	28	29	29	30	28	29	29	30	28	29	29	30	28	29	29	30	28	29	13	3	0	0	0	0	0	0	0	0	0	0	0	0	0	0	0	0	0	0	0	0	0	0	0	0	0	0	0	0	0	0	0	0	0	0	0	0	0	0	0	0	0	0	0	0	0	0	0	0	0	0	0	0	0	0	0	0	0	0	0	0	0	0	0	0	
0	0	0	0	0	0	0	0	0	0	0	0	0	0	0	0	0	0	0	0	0	0	0	0	0	0	0	0	0	0	0	0	0	0	0	0	0	0	0	0	0	0	0	0	0	0	0	0	0	0	0	0	0	0	0	0	0	0	0	0	0	0	0	0	0	0	0	0	0	0	0	0	0	0	0	0	0	0	0	0	0	0	0	0	0	0	0	0	0	0	0	0	0	0	0	0	3	4	21	22	22	22	66	30	28	67	29	30	28	67	29	30	28	67	29	30	28	67	29	30	28	67	29	30	28	29	3	4	0	0	0	0	0	0	0	0	0	0	0	0	0	0	0	0	0	0	0	0	0	0	0	0	0	0	0	0	0	0	0	0	0	0	0	0	0	0	0	0	0	0	0	0	0	0	0	0	0	0	0	0	0	0	0	0	0	0	0	0	0	0	0	0	
0	0	0	0	0	0	0	0	0	0	0	0	0	0	0	0	0	0	0	0	0	0	0	0	0	0	0	0	0	0	0	0	0	0	0	0	0	0	0	0	0	0	0	0	0	0	0	0	0	0	0	0	0	0	0	0	0	0	0	0	0	0	0	0	0	0	0	0	0	0	0	0	0	0	0	0	0	0	0	0	0	0	0	0	0	0	0	0	0	0	0	0	0	0	0	0	4	13	28	29	29	29	29	68	28	69	29	68	28	69	29	68	28	69	29	68	28	69	29	68	28	69	29	30	28	29	13	3	0	0	0	0	0	0	0	0	0	0	0	0	0	0	0	0	0	0	0	0	0	0	0	0	0	0	0	0	0	0	0	0	0	0	0	0	0	0	0	0	0	0	0	0	0	0	0	0	0	0	0	0	0	0	0	0	0	0	0	0	0	0	0	0	
0	0	0	0	0	0	0	0	0	0	0	0	0	0	0	0	0	0	0	0	0	0	0	0	0	0	0	0	0	0	0	0	0	0	0	0	0	0	0	0	0	0	0	0	0	0	0	0	0	0	0	0	0	0	0	0	0	0	0	0	0	0	0	0	0	0	0	0	0	0	0	0	0	0	0	0	0	0	0	0	0	0	0	0	0	0	0	0	0	0	0	0	0	0	0	0	3	4	3	4	3	4	3	4	3	4	3	4	3	4	3	4	3	4	43	43	43	43	3	4	3	4	61	30	28	29	3	4	0	0	0	0	0	0	0	0	0	0	0	0	0	0	0	0	0	0	0	0	0	0	0	0	0	0	0	0	0	0	0	0	0	0	0	0	0	0	0	0	0	0	0	0	0	0	0	0	0	0	0	0	0	0	0	0	0	0	0	0	0	0	0	0	
0	0	0	0	0	0	0	0	0	0	0	0	0	0	0	0	0	0	0	0	0	0	0	0	0	0	0	0	0	0	0	0	0	0	0	0	0	0	0	0	0	0	0	0	0	0	0	0	0	0	0	0	0	0	0	0	0	0	0	0	0	0	0	0	0	0	0	0	0	0	0	0	0	0	0	0	0	0	0	0	0	0	0	0	0	0	0	0	0	0	0	0	0	0	0	0	4	13	13	3	4	13	13	3	4	13	13	3	4	13	13	3	4	13	13	3	4	13	13	3	4	13	28	30	28	29	13	3	0	0	0	0	0	0	0	0	0	0	0	0	0	0	0	0	0	0	0	0	0	0	0	0	0	0	0	0	0	0	0	0	0	0	0	0	0	0	0	0	0	0	0	0	0	0	0	0	0	0	0	0	0	0	0	0	0	0	0	0	0	0	0	0	
0	0	0	0	0	0	0	0	0	0	0	0	0	0	0	0	0	0	0	0	0	0	0	0	0	0	0	0	0	0	0	0	0	0	0	0	0	0	0	0	0	0	0	0	0	0	0	0	0	0	0	0	0	0	0	0	0	0	0	0	0	0	0	0	0	0	0	0	0	0	0	0	0	0	0	0	0	0	0	0	0	0	0	0	0	0	0	0	0	0	0	0	0	0	0	0	3	4	51	52	21	22	22	23	24	25	79	79	24	25	26	23	24	25	26	23	24	25	26	23	21	22	66	30	28	67	3	4	0	0	0	0	0	0	0	0	0	0	0	0	0	0	0	0	0	0	0	0	0	0	0	0	0	0	0	0	0	0	0	0	0	0	0	0	0	0	0	0	0	0	0	0	0	0	0	0	0	0	0	0	0	0	0	0	0	0	0	0	0	0	0	0	
0	0	0	0	0	0	0	0	0	0	0	0	0	0	0	0	0	0	0	0	0	0	0	0	0	0	0	0	0	0	0	0	0	0	0	0	0	0	0	0	0	0	0	0	0	0	0	0	0	0	0	0	0	0	0	0	0	0	0	0	0	0	0	0	0	0	0	0	0	0	0	0	0	0	0	0	0	0	0	0	0	0	0	0	0	0	0	0	0	0	0	0	0	0	0	0	4	13	59	60	28	29	29	30	31	32	79	79	31	32	33	30	31	32	33	30	31	32	33	30	28	29	29	68	28	69	13	3	0	0	0	0	0	0	0	0	0	0	0	0	0	0	0	0	0	0	0	0	0	0	0	0	0	0	0	0	0	0	0	0	0	0	0	0	0	0	0	0	0	0	0	0	0	0	0	0	0	0	0	0	0	0	0	0	0	0	0	0	0	0	0	0	
0	0	0	0	0	0	0	0	0	0	0	0	0	0	0	0	0	0	0	0	0	0	0	0	0	0	0	0	0	0	0	0	0	0	0	0	0	0	0	0	0	0	0	0	0	0	0	0	0	0	0	0	0	0	0	0	0	0	0	0	0	0	0	0	0	0	0	0	0	0	0	0	0	0	0	0	0	0	0	0	0	0	0	0	0	0	0	0	0	0	0	0	0	0	0	0	3	4	3	4	3	4	61	30	28	29	79	79	28	29	29	30	28	29	29	30	28	29	29	30	28	29	3	4	3	4	3	4	0	0	0	0	0	0	0	0	0	0	0	0	0	0	0	0	0	0	0	0	0	0	0	0	0	0	0	0	0	0	0	0	0	0	0	0	0	0	0	0	0	0	0	0	0	0	0	0	0	0	0	0	0	0	0	0	0	0	0	0	0	0	0	0	
0	0	0	0	0	0	0	0	0	0	0	0	0	0	0	0	0	0	0	0	0	0	0	0	0	0	0	0	0	0	0	0	0	0	0	0	0	0	0	0	0	0	0	0	0	0	0	0	0	0	0	0	0	0	0	0	0	0	0	0	0	0	0	0	0	0	0	0	0	0	0	0	0	0	0	0	0	0	0	0	0	0	0	0	0	0	0	0	0	0	0	0	0	0	0	0	4	13	13	3	4	13	28	30	28	29	79	79	28	29	29	30	28	29	29	30	28	29	29	30	28	29	13	3	4	13	13	3	0	0	0	0	0	0	0	0	0	0	0	0	0	0	0	0	0	0	0	0	0	0	0	0	0	0	0	0	0	0	0	0	0	0	0	0	0	0	0	0	0	0	0	0	0	0	0	0	0	0	0	0	0	0	0	0	0	0	0	0	0	0	0	0	
0	0	0	0	0	0	0	0	0	0	0	0	0	0	0	0	0	0	0	0	0	0	0	0	0	0	0	0	0	0	0	0	0	0	0	0	0	0	0	0	0	0	0	0	0	0	0	0	0	0	0	0	0	0	0	0	0	0	0	0	0	0	0	0	0	0	0	0	0	0	0	0	0	0	0	0	0	0	0	0	0	0	0	0	0	0	0	0	0	0	0	0	0	0	0	0	3	4	21	23	21	22	29	30	28	67	79	79	28	67	29	30	28	67	29	30	28	29	29	30	28	67	22	22	22	22	3	4	0	0	0	0	0	0	0	0	0	0	0	0	0	0	0	0	0	0	0	0	0	0	0	0	0	0	0	0	0	0	0	0	0	0	0	0	0	0	0	0	0	0	0	0	0	0	0	0	0	0	0	0	0	0	0	0	0	0	0	0	0	0	0	0	
0	0	0	0	0	0	0	0	0	0	0	0	0	0	0	0	0	0	0	0	0	0	0	0	0	0	0	0	0	0	0	0	0	0	0	0	0	0	0	0	0	0	0	0	0	0	0	0	0	0	0	0	0	0	0	0	0	0	0	0	0	0	0	0	0	0	0	0	0	0	0	0	0	0	0	0	0	0	0	0	0	0	0	0	0	0	0	0	0	0	0	0	0	0	0	0	4	13	28	30	28	29	29	68	28	69	80	80	28	69	29	68	28	69	29	30	28	29	29	68	28	69	29	29	29	29	13	3	0	0	0	0	0	0	0	0	0	0	0	0	0	0	0	0	0	0	0	0	0	0	0	0	0	0	0	0	0	0	0	0	0	0	0	0	0	0	0	0	0	0	0	0	0	0	0	0	0	0	0	0	0	0	0	0	0	0	0	0	0	0	0	0	
0	0	0	0	0	0	0	0	0	0	0	0	0	0	0	0	0	0	0	0	0	0	0	0	0	0	0	0	0	0	0	0	0	0	0	0	0	0	0	0	0	0	0	0	0	0	0	0	0	0	0	0	0	0	0	0	0	0	0	0	0	0	0	0	0	0	0	0	0	0	0	0	0	0	0	0	0	0	0	0	0	0	0	0	0	0	0	0	0	0	0	0	0	0	0	0	3	4	28	30	28	29	3	4	3	4	3	4	3	4	3	4	3	4	61	30	28	29	3	4	3	4	3	4	3	4	3	4	0	0	0	0	0	0	0	0	0	0	0	0	0	0	0	0	0	0	0	0	0	0	0	0	0	0	0	0	0	0	0	0	0	0	0	0	0	0	0	0	0	0	0	0	0	0	0	0	0	0	0	0	0	0	0	0	0	0	0	0	0	0	0	0	
0	0	0	0	0	0	0	0	0	0	0	0	0	0	0	0	0	0	0	0	0	0	0	0	0	0	0	0	0	0	0	0	0	0	0	0	0	0	0	0	0	0	0	0	0	0	0	0	0	0	0	0	0	0	0	0	0	0	0	0	0	0	0	0	0	0	0	0	0	0	0	0	0	0	0	0	0	0	0	0	0	0	0	0	0	0	0	0	0	0	0	0	0	0	0	0	4	13	28	30	28	29	13	3	4	13	13	3	4	13	13	3	4	13	28	30	28	29	13	3	4	13	13	3	4	13	13	3	0	0	0	0	0	0	0	0	0	0	0	0	0	0	0	0	0	0	0	0	0	0	0	0	0	0	0	0	0	0	0	0	0	0	0	0	0	0	0	0	0	0	0	0	0	0	0	0	0	0	0	0	0	0	0	0	0	0	0	0	0	0	0	0	
0	0	0	0	0	0	0	0	0	0	0	0	0	0	0	0	0	0	0	0	0	0	0	0	0	0	0	0	0	0	0	0	1	1	1	1	1	1	1	1	1	1	1	1	1	1	1	1	2	1	1	2	2	1	1	2	2	1	1	2	2	1	1	2	2	1	1	2	2	1	1	2	2	1	1	2	2	1	1	2	1	1	1	1	1	1	1	1	1	1	1	1	1	1	1	1	3	4	28	30	28	67	22	23	24	25	79	79	24	25	26	23	21	22	66	30	28	67	22	23	24	25	26	23	24	25	3	4	1	1	1	1	1	1	1	1	1	1	1	1	1	1	1	1	1	1	1	1	1	1	1	1	1	1	1	1	1	1	1	1	0	0	0	0	0	0	0	0	0	0	0	0	0	0	0	0	0	0	0	0	0	0	0	0	0	0	0	0	0	0	0	0	
0	0	0	0	0	0	0	0	0	0	0	0	0	0	0	0	0	0	0	0	0	0	0	0	0	0	0	0	0	0	0	0	1	1	1	1	1	1	1	1	1	1	1	1	1	1	1	1	1	1	1	1	1	1	1	1	1	1	1	1	1	1	1	1	1	1	1	1	1	1	1	1	1	1	1	1	1	1	1	1	1	1	1	1	1	1	1	1	1	1	1	1	1	1	1	1	4	13	28	68	28	69	29	30	31	32	79	79	31	32	33	30	28	29	29	68	28	69	29	30	31	32	33	30	31	32	13	3	1	1	1	1	1	1	1	1	1	1	1	1	1	1	1	1	1	1	1	1	1	1	1	1	1	1	1	1	1	1	1	1	0	0	0	0	0	0	0	0	0	0	0	0	0	0	0	0	0	0	0	0	0	0	0	0	0	0	0	0	0	0	0	0	
0	0	0	0	0	0	0	0	0	0	0	0	0	0	0	0	0	0	0	0	0	0	0	0	0	0	0	0	0	0	0	0	3	4	3	4	3	4	3	4	3	4	3	4	3	4	3	4	1	1	9	10	10	10	10	10	10	10	10	11	12	10	10	10	10	10	10	10	10	10	10	11	12	10	10	10	10	10	1	1	1	1	1	1	1	1	1	1	1	1	1	1	1	1	1	1	3	4	3	4	3	4	3	4	3	4	79	79	28	29	29	30	28	29	3	4	3	4	61	30	28	29	29	30	28	29	3	4	62	63	62	63	62	63	62	63	62	63	62	63	62	63	62	63	62	63	62	63	62	63	62	63	62	63	62	63	62	63	62	63	0	0	0	0	0	0	0	0	0	0	0	0	0	0	0	0	0	0	0	0	0	0	0	0	0	0	0	0	0	0	0	0	
0	0	0	0	0	0	0	0	0	0	0	0	0	0	0	0	0	0	0	0	0	0	0	0	0	0	0	0	0	0	0	0	4	13	13	3	4	13	13	3	4	13	13	3	4	13	13	3	2	1	17	18	18	18	18	18	18	18	18	19	20	18	18	18	18	18	18	18	18	18	18	19	20	18	18	18	18	18	1	2	1	1	3	4	3	4	3	4	3	4	3	4	3	4	1	1	4	13	13	3	4	13	13	3	4	13	79	79	28	29	29	30	28	29	13	3	4	13	28	30	28	29	29	30	28	29	13	3	63	78	78	62	63	78	78	62	63	78	78	62	63	78	78	62	63	78	78	62	63	78	78	62	63	78	78	62	63	78	78	62	0	0	0	0	0	0	0	0	0	0	0	0	0	0	0	0	0	0	0	0	0	0	0	0	0	0	0	0	0	0	0	0	
0	0	0	0	0	0	0	0	0	0	0	0	0	0	0	0	0	0	0	0	0	0	0	0	0	0	0	0	0	0	0	0	3	4	21	23	24	25	26	23	21	22	22	22	22	22	3	4	2	1	17	18	18	18	18	18	18	18	18	19	20	18	18	18	18	18	18	18	18	18	18	19	20	18	18	18	18	18	1	2	1	1	71	71	71	71	71	72	73	74	71	72	73	74	1	1	3	4	21	22	22	22	22	23	24	25	79	79	28	67	29	30	28	67	22	22	22	22	66	30	28	29	29	30	28	67	3	4	62	63	9	10	10	10	10	10	10	10	10	10	10	10	10	10	10	10	10	10	10	10	10	10	10	10	10	10	10	10	62	63	0	0	0	0	0	0	0	0	0	0	0	0	0	0	0	0	0	0	0	0	0	0	0	0	0	0	0	0	0	0	0	0	
0	0	0	0	0	0	0	0	0	0	0	0	0	0	0	0	0	0	0	0	0	0	0	0	0	0	0	0	0	0	0	0	4	13	28	30	31	32	33	30	28	29	29	29	29	29	13	3	1	1	17	18	18	18	18	18	18	18	35	36	37	38	18	18	18	18	18	18	18	18	35	36	37	38	18	18	18	18	1	1	1	1	71	71	21	22	22	22	75	71	21	22	75	71	1	1	4	13	28	29	29	29	29	30	31	32	80	80	28	69	29	68	28	69	29	29	29	29	29	30	28	29	29	68	28	69	13	3	63	78	17	18	18	18	18	18	18	18	18	18	18	18	18	18	18	18	18	18	18	18	18	18	18	18	18	18	18	18	78	62	0	0	0	0	0	0	0	0	0	0	0	0	0	0	0	0	0	0	0	0	0	0	0	0	0	0	0	0	0	0	0	0	
0	0	0	0	0	0	0	0	0	0	0	0	0	0	0	0	0	0	0	0	0	0	0	0	0	0	0	0	0	0	0	0	3	4	28	30	28	29	29	30	28	29	3	4	3	4	3	4	1	1	17	18	18	18	18	18	18	18	1	1	1	1	17	18	18	18	1	43	43	1	1	1	1	1	17	18	18	18	1	1	1	1	71	71	28	29	29	29	76	71	28	29	76	71	1	1	3	4	3	4	3	4	79	79	28	29	3	4	3	4	3	4	3	4	3	4	3	4	61	30	28	29	3	4	3	4	3	4	62	63	62	63	62	63	44	18	18	18	18	18	18	18	18	18	18	18	18	18	18	18	62	63	62	63	44	18	18	18	62	63	0	0	0	0	0	0	0	0	0	0	0	0	0	0	0	0	0	0	0	0	0	0	0	0	0	0	0	0	0	0	0	0	
0	0	0	0	0	0	0	0	0	0	0	0	0	0	0	0	0	0	0	0	0	0	0	0	0	0	0	0	0	0	0	0	4	13	28	30	28	29	29	30	28	29	13	3	4	13	13	3	2	1	17	18	18	18	18	18	1	1	1	2	2	1	17	18	1	1	1	1	1	1	1	2	2	1	17	18	1	1	1	2	1	1	71	71	28	29	29	29	76	71	28	29	76	71	1	1	4	13	13	3	4	13	79	79	28	29	13	3	4	13	13	3	4	13	13	3	4	13	28	30	28	29	13	3	4	13	13	3	63	78	78	62	63	78	17	18	18	18	18	18	18	18	18	18	18	18	18	18	18	18	78	62	63	78	17	18	18	18	78	62	0	0	0	0	0	0	0	0	0	0	0	0	0	0	0	0	0	0	0	0	0	0	0	0	0	0	0	0	0	0	0	0	
0	0	0	0	0	0	0	0	0	0	0	0	0	0	0	0	0	0	0	0	0	0	0	0	0	0	0	0	0	0	0	0	3	4	28	30	28	29	29	30	28	67	22	22	49	50	3	4	2	1	51	52	18	18	18	18	53	10	1	2	2	1	17	18	53	10	1	2	2	1	1	2	2	1	17	18	53	10	1	2	1	1	71	71	28	29	29	29	76	71	28	29	49	50	1	1	3	4	51	52	21	22	79	79	28	67	22	23	24	25	26	23	24	25	26	23	21	22	66	30	28	67	22	22	49	50	3	4	62	63	51	52	9	10	70	18	18	18	18	18	18	18	18	18	18	18	18	18	18	18	53	10	10	10	70	18	18	18	62	63	0	0	0	0	0	0	0	0	0	0	0	0	0	0	0	0	0	0	0	0	0	0	0	0	0	0	0	0	0	0	0	0	
0	0	0	0	0	0	0	0	0	0	0	0	0	0	0	0	0	0	0	0	0	0	0	0	0	0	0	0	0	0	0	0	4	13	28	30	28	29	29	30	28	69	29	29	57	58	13	3	1	1	59	60	18	18	18	18	18	18	1	1	1	1	17	18	18	18	1	1	1	1	1	1	1	1	17	18	18	18	1	1	1	1	71	71	28	29	29	29	76	71	28	29	57	58	1	1	4	13	59	60	28	29	80	80	28	69	29	30	31	32	33	30	31	32	33	30	28	29	29	68	28	69	29	29	57	58	13	3	63	78	59	60	17	18	18	18	18	18	18	18	18	18	18	18	18	18	18	18	18	18	18	18	18	18	18	18	18	18	78	62	0	0	0	0	0	0	0	0	0	0	0	0	0	0	0	0	0	0	0	0	0	0	0	0	0	0	0	0	0	0	0	0	
0	0	0	0	0	0	0	0	0	0	0	0	0	0	0	0	0	0	0	0	0	0	0	0	0	0	0	0	0	0	0	0	3	4	28	30	28	29	3	4	3	4	3	4	3	4	3	4	1	1	1	1	1	1	17	18	18	18	1	1	1	1	44	18	18	18	10	10	10	10	1	1	1	1	44	18	18	18	1	1	1	1	71	81	82	83	29	67	76	71	3	4	1	1	1	1	3	4	3	4	3	4	3	4	3	4	61	30	28	29	29	30	28	29	29	30	28	29	3	4	3	4	3	4	3	4	3	4	62	63	62	63	62	63	44	18	18	18	18	18	18	18	18	18	18	18	18	18	18	18	18	18	18	18	18	18	18	18	62	63	0	0	0	0	0	0	0	0	0	0	0	0	0	0	0	0	0	0	0	0	0	0	0	0	0	0	0	0	0	0	0	0	
0	0	0	0	0	0	0	0	0	0	0	0	0	0	0	0	0	0	0	0	0	0	0	0	0	0	0	0	0	0	0	0	4	13	28	30	28	29	13	3	4	13	13	3	4	13	13	3	2	1	1	2	2	1	17	18	1	1	1	2	2	1	1	1	18	18	18	18	18	18	1	2	2	1	1	1	18	18	1	2	1	1	71	84	71	85	29	69	77	71	1	1	1	1	1	1	4	13	13	3	4	13	13	3	4	13	28	30	28	29	29	30	28	29	29	30	28	29	13	3	4	13	13	3	4	13	13	3	63	78	78	62	63	78	17	18	18	18	18	18	18	18	18	18	18	18	18	18	18	18	18	18	18	18	18	18	18	18	78	62	0	0	0	0	0	0	0	0	0	0	0	0	0	0	0	0	0	0	0	0	0	0	0	0	0	0	0	0	0	0	0	0	
0	0	0	0	0	0	0	0	0	0	0	0	0	0	0	0	0	0	0	0	0	0	0	0	0	0	0	0	0	0	0	0	3	4	28	30	28	67	22	23	24	25	26	23	24	25	3	4	2	1	1	2	2	1	17	18	53	10	1	2	2	1	9	10	18	18	18	18	18	18	1	2	2	1	9	10	18	18	1	2	1	1	3	4	3	4	3	4	3	4	1	1	1	1	1	1	3	4	21	22	22	22	22	22	22	22	66	30	28	67	29	30	28	67	29	30	28	67	22	22	22	22	22	23	24	25	3	4	62	63	9	10	10	10	70	86	87	18	18	18	18	18	18	18	18	18	18	18	18	18	18	18	18	18	18	18	18	18	62	63	0	0	0	0	0	0	0	0	0	0	0	0	0	0	0	0	0	0	0	0	0	0	0	0	0	0	0	0	0	0	0	0	
0	0	0	0	0	0	0	0	0	0	0	0	0	0	0	0	0	0	0	0	0	0	0	0	0	0	0	0	0	0	0	0	4	13	28	30	28	69	29	30	31	32	33	30	31	32	13	3	1	1	1	1	1	1	17	18	18	18	1	1	1	1	17	18	18	18	18	18	18	18	1	1	1	1	17	18	18	18	1	1	1	1	1	1	1	1	1	1	1	1	1	1	1	1	1	1	4	13	28	29	29	29	29	29	29	29	29	68	28	69	29	68	28	69	29	68	28	69	29	29	29	29	29	30	31	32	13	3	63	78	17	18	18	18	18	88	89	18	18	18	18	18	18	18	18	18	18	18	18	18	18	18	18	18	18	18	18	18	78	62	0	0	0	0	0	0	0	0	0	0	0	0	0	0	0	0	0	0	0	0	0	0	0	0	0	0	0	0	0	0	0	0	
0	0	0	0	0	0	0	0	0	0	0	0	0	0	0	0	0	0	0	0	0	0	0	0	0	0	0	0	0	0	0	0	3	4	28	30	28	29	29	30	28	29	29	30	28	29	3	4	1	1	1	1	1	1	44	18	18	18	1	1	1	1	1	43	43	1	44	18	18	18	1	1	1	1	17	18	18	18	1	1	1	1	1	1	1	1	1	1	1	1	1	1	1	1	1	1	3	4	3	4	3	4	3	4	3	4	3	4	3	4	43	43	43	43	3	4	3	4	3	4	3	4	61	30	28	29	3	4	62	63	17	18	18	18	78	43	43	78	44	18	18	18	18	18	18	18	18	18	18	18	18	18	18	18	18	18	18	18	62	63	0	0	0	0	0	0	0	0	0	0	0	0	0	0	0	0	0	0	0	0	0	0	0	0	0	0	0	0	0	0	0	0	
0	0	0	0	0	0	0	0	0	0	0	0	0	0	0	0	0	0	0	0	0	0	0	0	0	0	0	0	0	0	0	0	4	13	28	30	28	29	29	30	28	29	29	30	28	29	13	3	2	1	1	2	2	1	1	1	18	18	1	2	2	1	1	1	1	1	1	1	18	18	1	2	2	1	17	18	1	1	1	2	1	1	1	1	1	1	1	1	1	1	1	1	1	1	1	1	4	13	13	3	4	13	13	3	4	13	13	3	4	13	13	3	4	13	13	3	4	13	13	3	4	13	28	30	28	29	13	3	63	78	17	18	18	18	78	62	63	78	17	18	18	18	18	18	18	18	18	18	18	18	18	18	18	18	18	18	18	18	78	62	0	0	0	0	0	0	0	0	0	0	0	0	0	0	0	0	0	0	0	0	0	0	0	0	0	0	0	0	0	0	0	0	
0	0	0	0	0	0	0	0	0	0	0	0	0	0	0	0	0	0	0	0	0	0	0	0	0	0	0	0	0	0	0	0	3	4	28	30	28	29	29	30	28	67	29	30	28	29	3	4	2	1	1	2	2	1	9	10	18	18	1	2	2	1	1	2	2	1	9	10	18	18	1	2	2	1	17	18	53	10	1	2	1	1	1	1	1	1	1	1	1	1	1	1	1	1	1	1	3	4	21	23	24	25	26	23	24	25	26	23	24	25	26	23	24	25	26	23	24	25	26	23	21	22	66	30	28	67	3	4	62	63	17	86	87	18	53	10	10	10	70	86	87	18	18	18	18	18	18	18	18	18	18	18	18	18	18	18	18	18	62	63	0	0	0	0	0	0	0	0	0	0	0	0	0	0	0	0	0	0	0	0	0	0	0	0	0	0	0	0	0	0	0	0	
0	0	0	0	0	0	0	0	0	0	0	0	0	0	0	0	0	0	0	0	0	0	0	0	0	0	0	0	0	0	0	0	4	13	28	30	28	29	29	30	28	69	29	30	28	29	13	3	1	1	1	1	1	1	17	18	18	18	1	1	1	1	1	1	1	1	17	18	18	18	1	1	1	1	17	18	18	18	1	1	1	1	1	1	1	1	1	1	1	1	1	1	1	1	1	1	4	13	28	30	31	32	33	30	31	32	33	30	31	32	33	30	31	32	33	30	31	32	33	30	28	29	29	68	28	69	13	3	63	78	17	88	89	18	18	18	18	18	18	88	89	18	18	18	18	18	18	18	18	18	18	18	18	18	18	18	18	18	78	62	0	0	0	0	0	0	0	0	0	0	0	0	0	0	0	0	0	0	0	0	0	0	0	0	0	0	0	0	0	0	0	0	
0	0	0	0	0	0	0	0	0	0	0	0	0	0	0	0	0	0	0	0	0	0	0	0	0	0	0	0	0	0	0	0	3	4	28	30	28	29	29	30	28	29	29	30	28	29	3	4	1	1	9	10	10	10	70	18	18	18	1	1	1	1	10	11	12	10	70	18	18	18	1	1	1	1	44	18	18	18	1	1	1	1	1	1	1	1	1	1	1	1	1	1	1	1	1	1	3	4	28	30	28	29	29	30	28	29	29	30	28	29	29	30	28	29	29	30	28	29	29	30	28	29	3	4	3	4	3	4	62	63	62	63	62	63	44	18	18	18	78	43	43	78	44	18	18	18	18	18	18	18	18	18	18	18	18	18	18	18	62	63	0	0	0	0	0	0	0	0	0	0	0	0	0	0	0	0	0	0	0	0	0	0	0	0	0	0	0	0	0	0	0	0	
0	0	0	0	0	0	0	0	0	0	0	0	0	0	0	0	0	0	0	0	0	0	0	0	0	0	0	0	0	0	0	0	4	13	28	30	28	29	29	30	28	29	29	30	28	29	13	3	2	1	17	18	18	18	18	18	1	1	1	2	2	1	18	19	20	18	18	18	1	1	1	2	2	1	1	1	18	18	1	2	1	1	3	4	3	4	3	4	3	4	3	4	3	4	1	1	4	13	28	30	28	29	29	30	28	29	29	30	28	29	29	30	28	29	29	30	28	29	29	30	28	29	13	3	4	13	13	3	63	78	78	62	63	78	17	18	18	18	78	62	63	78	17	18	18	18	18	18	18	18	18	18	18	18	18	18	18	18	78	62	0	0	0	0	0	0	0	0	0	0	0	0	0	0	0	0	0	0	0	0	0	0	0	0	0	0	0	0	0	0	0	0	
0	0	0	0	0	0	0	0	0	0	0	0	0	0	0	0	0	0	0	0	0	0	0	0	0	0	0	0	0	0	0	0	3	4	28	30	28	67	29	30	28	29	29	30	28	67	3	4	2	1	17	18	18	18	18	18	53	10	1	2	2	1	18	19	20	18	18	18	53	10	1	2	2	1	9	10	18	18	1	2	1	1	71	72	73	74	71	72	73	74	71	72	73	74	1	1	3	4	28	30	28	29	29	30	28	67	29	30	28	67	29	30	28	67	29	30	28	67	29	30	28	67	22	23	24	25	3	4	62	63	9	10	10	10	70	86	87	18	53	10	10	10	70	86	87	18	18	18	18	18	18	18	18	18	18	18	18	18	62	63	0	0	0	0	0	0	0	0	0	0	0	0	0	0	0	0	0	0	0	0	0	0	0	0	0	0	0	0	0	0	0	0	
0	0	0	0	0	0	0	0	0	0	0	0	0	0	0	0	0	0	0	0	0	0	0	0	0	0	0	0	0	0	0	0	4	13	28	30	28	69	29	30	28	29	29	30	28	69	13	3	1	1	17	18	18	18	18	18	18	18	1	1	1	1	35	36	37	38	18	18	18	18	1	1	1	1	17	18	18	18	1	1	1	1	21	22	75	71	21	22	75	71	21	22	75	71	1	1	4	13	28	30	28	29	29	68	28	69	29	68	28	69	29	68	28	69	29	68	28	69	29	68	28	69	29	30	31	32	13	3	63	78	17	18	18	18	18	88	89	18	18	18	18	18	18	88	89	18	18	18	18	18	18	18	18	18	18	18	18	18	78	62	0	0	0	0	0	0	0	0	0	0	0	0	0	0	0	0	0	0	0	0	0	0	0	0	0	0	0	0	0	0	0	0	
0	0	0	0	0	0	0	0	0	0	0	0	0	0	0	0	0	0	0	0	0	0	0	0	0	0	0	0	0	0	0	0	3	4	28	30	28	29	29	30	28	29	29	30	28	29	3	4	1	1	17	18	18	18	1	43	43	1	1	1	1	1	1	43	43	1	1	43	43	1	1	1	1	1	17	18	18	18	1	1	1	1	28	29	76	71	28	29	76	71	28	29	76	71	1	1	3	4	28	30	28	29	3	4	3	4	43	43	43	43	3	4	3	4	3	4	3	4	3	4	3	4	61	30	28	29	3	4	62	63	17	18	18	18	78	43	43	78	44	18	18	18	62	63	62	63	44	18	18	18	18	18	18	18	18	18	18	18	62	63	0	0	0	0	0	0	0	0	0	0	0	0	0	0	0	0	0	0	0	0	0	0	0	0	0	0	0	0	0	0	0	0	
0	0	0	0	0	0	0	0	0	0	0	0	0	0	0	0	0	0	0	0	0	0	0	0	0	0	0	0	0	0	0	0	4	13	28	30	28	29	29	30	28	29	29	30	28	29	13	3	2	1	17	18	1	1	1	1	1	1	1	2	2	1	1	1	1	1	1	1	1	1	1	2	2	1	17	18	1	1	1	2	1	1	28	29	76	71	28	29	76	71	28	29	76	71	1	1	4	13	28	30	28	29	13	3	4	13	13	3	4	13	13	3	4	13	13	3	4	13	13	3	4	13	28	30	28	29	13	3	63	78	17	18	18	18	78	62	63	78	17	18	18	18	78	62	63	78	17	18	18	18	18	18	18	18	18	18	18	18	78	62	0	0	0	0	0	0	0	0	0	0	0	0	0	0	0	0	0	0	0	0	0	0	0	0	0	0	0	0	0	0	0	0	
0	0	0	0	0	0	0	0	0	0	0	0	0	0	0	0	0	0	0	0	0	0	0	0	0	0	0	0	0	0	0	0	3	4	28	30	28	29	29	30	28	67	29	30	28	29	3	4	2	1	17	18	53	10	1	2	2	1	1	2	2	1	1	2	2	1	1	2	2	1	1	2	2	1	17	18	49	50	1	2	1	1	51	52	76	71	28	29	76	71	28	29	76	71	1	1	3	4	28	30	28	67	22	23	24	25	26	23	24	25	26	23	24	25	79	79	24	25	26	23	21	22	66	30	28	67	3	4	62	63	17	86	87	18	53	10	10	10	70	86	87	18	53	10	10	10	70	86	87	18	18	18	18	18	18	18	18	18	62	63	0	0	0	0	0	0	0	0	0	0	0	0	0	0	0	0	0	0	0	0	0	0	0	0	0	0	0	0	0	0	0	0	
0	0	0	0	0	0	0	0	0	0	0	0	0	0	0	0	0	0	0	0	0	0	0	0	0	0	0	0	0	0	0	0	4	13	28	30	28	29	29	30	28	69	29	30	28	29	13	3	1	1	17	18	18	18	1	1	1	1	1	1	1	1	1	1	1	1	1	1	1	1	1	1	1	1	17	18	57	58	1	1	1	1	59	60	76	71	28	29	76	71	28	29	76	71	1	1	4	13	28	68	28	69	29	30	31	32	33	30	31	32	33	30	31	32	79	79	31	32	33	30	28	29	29	68	28	69	13	3	63	78	17	88	89	18	18	18	18	18	18	88	89	18	18	18	18	18	18	88	89	18	18	18	18	18	18	18	18	18	78	62	0	0	0	0	0	0	0	0	0	0	0	0	0	0	0	0	0	0	0	0	0	0	0	0	0	0	0	0	0	0	0	0	
0	0	0	0	0	0	0	0	0	0	0	0	0	0	0	0	0	0	0	0	0	0	0	0	0	0	0	0	0	0	0	0	3	4	28	30	28	29	29	30	28	29	29	30	28	29	3	4	1	1	44	18	18	18	10	10	10	10	10	11	12	10	10	10	10	10	10	11	12	10	1	1	1	1	1	1	1	1	1	1	1	1	3	4	3	4	28	67	76	71	28	81	82	83	1	1	3	4	3	4	3	4	61	30	28	29	29	30	28	29	29	30	28	29	79	79	28	29	29	30	28	29	3	4	3	4	3	4	62	63	62	63	62	63	44	18	18	18	62	63	62	63	44	18	18	18	78	43	43	78	44	18	18	18	18	18	18	18	62	63	0	0	0	0	0	0	0	0	0	0	0	0	0	0	0	0	0	0	0	0	0	0	0	0	0	0	0	0	0	0	0	0	
0	0	0	0	0	0	0	0	0	0	0	0	0	0	0	0	0	0	0	0	0	0	0	0	0	0	0	0	0	0	0	0	4	13	28	30	28	29	29	30	28	29	29	30	28	29	13	3	2	1	1	1	18	18	18	18	18	18	18	19	20	18	18	18	18	18	18	19	20	18	1	2	2	1	1	2	2	1	1	2	1	1	1	1	1	1	28	69	77	71	28	84	71	85	1	1	4	13	13	3	4	13	28	30	28	29	29	30	28	29	29	30	28	29	79	79	28	29	29	30	28	29	13	3	4	13	13	3	63	78	78	62	63	78	17	18	18	18	78	62	63	78	17	18	18	18	78	62	63	78	17	18	18	18	18	18	18	18	78	62	0	0	0	0	0	0	0	0	0	0	0	0	0	0	0	0	0	0	0	0	0	0	0	0	0	0	0	0	0	0	0	0	
0	0	0	0	0	0	0	0	0	0	0	0	0	0	0	0	0	0	0	0	0	0	0	0	0	0	0	0	0	0	0	0	3	4	28	30	28	67	29	30	28	29	29	30	28	67	3	4	2	1	9	10	18	18	18	18	18	18	18	19	20	18	18	18	18	18	18	19	20	18	1	2	2	1	1	2	2	1	1	2	1	1	1	1	1	1	3	4	3	4	3	4	3	4	1	1	3	4	21	22	22	22	66	30	28	67	29	30	28	67	29	30	28	29	79	79	28	67	29	30	28	67	22	22	22	22	3	4	62	63	9	10	10	10	70	86	87	18	53	10	10	10	70	86	87	18	53	10	10	10	70	86	87	18	18	18	18	18	62	63	0	0	0	0	0	0	0	0	0	0	0	0	0	0	0	0	0	0	0	0	0	0	0	0	0	0	0	0	0	0	0	0	
0	0	0	0	0	0	0	0	0	0	0	0	0	0	0	0	0	0	0	0	0	0	0	0	0	0	0	0	0	0	0	0	4	13	28	30	28	69	29	30	28	29	29	30	28	69	13	3	1	1	17	18	18	18	18	18	18	18	35	36	37	38	18	18	18	18	35	36	37	38	1	1	1	1	1	1	1	1	1	1	1	1	1	1	1	1	1	1	1	1	1	1	1	1	1	1	4	13	28	29	29	29	29	68	28	69	29	68	28	69	29	30	28	29	79	79	28	69	29	68	28	69	29	29	29	29	13	3	63	78	17	18	18	18	18	88	89	18	18	18	18	18	18	88	89	18	18	18	18	18	18	88	89	18	18	18	18	18	78	62	0	0	0	0	0	0	0	0	0	0	0	0	0	0	0	0	0	0	0	0	0	0	0	0	0	0	0	0	0	0	0	0	
0	0	0	0	0	0	0	0	0	0	0	0	0	0	0	0	0	0	0	0	0	0	0	0	0	0	0	0	0	0	0	0	3	4	28	30	28	29	29	30	28	29	29	30	28	29	3	4	1	1	1	1	1	1	1	1	1	1	1	1	1	1	1	1	1	1	1	1	1	1	1	1	1	1	1	1	1	1	1	1	1	1	1	1	1	1	1	1	1	1	1	1	1	1	1	1	3	4	3	4	3	4	3	4	3	4	3	4	3	4	61	30	28	29	3	4	3	4	3	4	3	4	3	4	3	4	3	4	62	63	17	18	18	18	62	63	62	63	44	18	18	18	62	63	62	63	62	63	62	63	62	63	62	63	44	18	18	18	62	63	0	0	0	0	0	0	0	0	0	0	0	0	0	0	0	0	0	0	0	0	0	0	0	0	0	0	0	0	0	0	0	0	
0	0	0	0	0	0	0	0	0	0	0	0	0	0	0	0	0	0	0	0	0	0	0	0	0	0	0	0	0	0	0	0	4	13	28	30	28	29	29	30	28	29	29	30	28	29	13	3	2	1	1	2	2	1	1	2	2	1	1	2	2	1	1	2	2	1	1	2	2	1	1	2	2	1	1	2	2	1	1	2	2	1	1	2	2	1	1	2	2	1	1	2	2	1	1	2	4	13	13	3	4	13	13	3	4	13	13	3	4	13	28	30	28	29	13	3	4	13	13	3	4	13	13	3	4	13	13	3	63	78	17	18	18	18	78	62	63	78	17	18	18	18	78	62	63	78	78	62	63	78	78	62	63	78	17	18	18	18	78	62	0	0	0	0	0	0	0	0	0	0	0	0	0	0	0	0	0	0	0	0	0	0	0	0	0	0	0	0	0	0	0	0	
0	0	0	0	0	0	0	0	0	0	0	0	0	0	0	0	0	0	0	0	0	0	0	0	0	0	0	0	0	0	0	0	3	4	28	30	28	29	29	30	28	67	29	30	28	29	3	4	2	1	1	2	2	1	1	2	2	1	1	2	2	1	1	2	2	1	1	2	2	1	1	2	2	1	1	2	2	1	1	2	2	1	1	2	2	1	1	2	2	1	1	2	2	1	1	2	3	4	21	23	24	25	26	23	24	25	79	79	21	22	66	30	28	67	22	23	24	25	26	23	24	25	26	23	24	25	3	4	62	63	17	86	87	18	53	10	10	10	70	86	87	18	53	10	10	10	10	10	10	10	10	10	10	10	70	18	18	18	62	63	0	0	0	0	0	0	0	0	0	0	0	0	0	0	0	0	0	0	0	0	0	0	0	0	0	0	0	0	0	0	0	0	
0	0	0	0	0	0	0	0	0	0	0	0	0	0	0	0	0	0	0	0	0	0	0	0	0	0	0	0	0	0	0	0	4	13	28	30	28	29	29	30	28	69	29	30	28	29	13	3	1	1	1	1	1	1	1	1	1	1	1	1	1	1	1	1	1	1	1	1	1	1	1	1	1	1	1	1	1	1	1	1	1	1	1	1	1	1	1	1	1	1	1	1	1	1	1	1	4	13	28	30	31	32	33	30	31	32	79	79	28	29	29	68	28	69	29	30	31	32	33	30	31	32	33	30	31	32	13	3	63	78	17	88	89	18	18	18	18	18	18	88	89	18	18	18	18	18	18	18	18	18	18	18	18	18	18	18	18	18	78	62	0	0	0	0	0	0	0	0	0	0	0	0	0	0	0	0	0	0	0	0	0	0	0	0	0	0	0	0	0	0	0	0	
0	0	0	0	0	0	0	0	0	0	0	0	0	0	0	0	0	0	0	0	0	0	0	0	0	0	0	0	0	0	0	0	3	4	28	30	28	29	29	30	28	29	29	30	28	29	3	4	1	1	1	1	1	1	1	1	1	1	1	1	1	1	1	1	1	1	1	1	1	1	1	1	1	1	1	1	1	1	1	1	1	1	1	1	1	1	1	1	1	1	1	1	1	1	1	1	3	4	28	30	28	29	29	30	28	29	79	79	28	29	3	4	3	4	61	30	28	29	29	30	28	29	29	30	28	29	3	4	62	63	62	63	62	63	44	18	18	18	78	43	43	78	62	63	62	63	62	63	62	63	44	18	18	18	18	18	18	18	62	63	0	0	0	0	0	0	0	0	0	0	0	0	0	0	0	0	0	0	0	0	0	0	0	0	0	0	0	0	0	0	0	0	
0	0	0	0	0	0	0	0	0	0	0	0	0	0	0	0	0	0	0	0	0	0	0	0	0	0	0	0	0	0	0	0	4	13	28	30	28	29	29	30	28	29	29	30	28	29	13	3	1	1	3	4	3	4	3	4	3	4	3	4	3	4	3	4	3	4	3	4	3	4	3	4	3	4	3	4	3	4	3	4	3	4	3	4	3	4	3	4	3	4	3	4	3	4	1	1	4	13	28	30	28	29	29	30	28	29	79	79	28	29	13	3	4	13	28	30	28	29	29	30	28	29	29	30	28	29	13	3	63	78	78	62	63	78	17	18	18	18	78	62	63	78	78	62	63	78	78	62	63	78	17	18	18	18	18	18	18	18	78	62	0	0	0	0	0	0	0	0	0	0	0	0	0	0	0	0	0	0	0	0	0	0	0	0	0	0	0	0	0	0	0	0	
0	0	0	0	0	0	0	0	0	0	0	0	0	0	0	0	0	0	0	0	0	0	0	0	0	0	0	0	0	0	0	0	3	4	28	30	28	67	29	30	28	29	29	30	28	67	3	4	1	1	71	72	73	74	71	72	73	74	71	72	73	74	71	72	73	74	71	72	73	74	71	72	73	74	71	72	73	74	71	72	73	74	71	72	73	74	71	72	73	74	71	72	73	74	1	1	3	4	28	30	28	67	29	30	28	29	79	79	28	67	22	22	22	22	66	30	28	67	29	30	28	67	29	30	28	29	3	4	62	63	9	10	10	10	70	86	87	18	53	10	10	10	10	10	10	10	10	10	10	10	70	86	87	18	18	18	18	18	62	63	0	0	0	0	0	0	0	0	0	0	0	0	0	0	0	0	0	0	0	0	0	0	0	0	0	0	0	0	0	0	0	0	
0	0	0	0	0	0	0	0	0	0	0	0	0	0	0	0	0	0	0	0	0	0	0	0	0	0	0	0	0	0	0	0	4	13	28	30	28	69	29	30	28	29	29	68	28	69	13	3	1	1	21	22	75	71	21	22	75	71	21	22	75	71	21	22	75	71	21	22	75	71	21	22	75	71	21	22	75	71	21	22	75	71	21	22	75	71	21	22	75	71	21	22	75	71	1	1	4	13	28	68	28	69	29	30	28	29	80	80	28	69	29	29	29	29	29	68	28	69	29	68	28	69	29	30	28	29	13	3	63	78	17	18	18	18	18	88	89	18	18	18	18	18	18	18	18	18	18	18	18	18	18	88	89	18	18	18	18	18	78	62	0	0	0	0	0	0	0	0	0	0	0	0	0	0	0	0	0	0	0	0	0	0	0	0	0	0	0	0	0	0	0	0	
0	0	0	0	0	0	0	0	0	0	0	0	0	0	0	0	0	0	0	0	0	0	0	0	0	0	0	0	0	0	0	0	3	4	28	30	28	29	29	30	28	29	3	4	3	4	3	4	1	1	28	29	76	71	28	29	76	71	28	29	76	71	28	29	76	71	28	29	76	71	28	29	76	71	28	29	76	71	28	29	76	71	28	29	76	71	28	29	76	71	28	29	76	71	1	1	3	4	3	4	3	4	61	30	28	29	3	4	3	4	3	4	3	4	3	4	3	4	3	4	3	4	61	30	28	29	3	4	62	63	62	63	62	63	62	63	62	63	62	63	62	63	62	63	62	63	44	18	18	18	62	63	62	63	44	18	18	18	62	63	0	0	0	0	0	0	0	0	0	0	0	0	0	0	0	0	0	0	0	0	0	0	0	0	0	0	0	0	0	0	0	0	
0	0	0	0	0	0	0	0	0	0	0	0	0	0	0	0	0	0	0	0	0	0	0	0	0	0	0	0	0	0	0	0	4	13	28	30	28	29	29	30	28	29	13	3	4	13	13	3	1	1	28	29	76	71	28	29	76	71	28	29	76	71	28	29	76	71	28	29	76	71	28	29	76	71	28	29	76	71	28	29	76	71	28	29	76	71	28	29	76	71	28	29	76	71	1	1	4	13	13	3	4	13	28	30	28	29	13	3	4	13	13	3	4	13	13	3	4	13	13	3	4	13	28	30	28	29	13	3	63	78	78	62	63	78	78	62	63	78	78	62	63	78	63	62	63	78	17	18	18	18	78	62	63	78	17	18	18	18	78	62	0	0	0	0	0	0	0	0	0	0	0	0	0	0	0	0	0	0	0	0	0	0	0	0	0	0	0	0	0	0	0	0	
0	0	0	0	0	0	0	0	0	0	0	0	0	0	0	0	0	0	0	0	0	0	0	0	0	0	0	0	0	0	0	0	3	4	28	30	28	29	29	30	28	29	22	22	49	50	3	4	1	1	51	52	76	71	28	29	76	71	28	29	76	71	28	29	76	71	28	29	76	71	28	29	76	71	28	29	76	71	28	29	76	71	28	29	76	71	28	29	76	71	28	29	49	50	1	1	3	4	51	52	21	22	66	30	28	67	22	23	24	25	26	23	24	25	26	23	24	25	26	23	21	22	66	30	28	67	3	4	62	63	9	10	10	10	10	10	10	10	10	10	10	10	10	10	10	10	70	86	87	18	53	10	10	10	70	18	18	18	62	63	0	0	0	0	0	0	0	0	0	0	0	0	0	0	0	0	0	0	0	0	0	0	0	0	0	0	0	0	0	0	0	0	
0	0	0	0	0	0	0	0	0	0	0	0	0	0	0	0	0	0	0	0	0	0	0	0	0	0	0	0	0	0	0	0	4	13	28	30	28	29	29	30	28	29	29	29	57	58	13	3	1	1	59	60	76	71	28	29	76	71	28	29	76	71	28	29	76	71	28	29	76	71	28	29	76	71	28	29	76	71	28	29	76	71	28	29	76	71	28	29	76	71	28	29	57	58	1	1	4	13	59	60	28	29	29	68	28	69	29	30	31	32	33	30	31	32	33	30	31	32	33	30	28	29	29	68	28	69	13	3	63	78	17	18	18	18	18	18	18	18	18	18	18	18	18	18	18	18	18	88	89	18	18	18	18	18	18	18	18	18	78	62	0	0	0	0	0	0	0	0	0	0	0	0	0	0	0	0	0	0	0	0	0	0	0	0	0	0	0	0	0	0	0	0	
0	0	0	0	0	0	0	0	0	0	0	0	0	0	0	0	0	0	0	0	0	0	0	0	0	0	0	0	0	0	0	0	3	4	28	30	28	29	29	30	28	29	3	4	3	4	3	4	1	1	3	4	3	4	28	67	76	71	28	67	76	71	28	67	76	71	28	67	76	71	28	67	76	71	28	67	76	71	28	67	76	71	28	67	76	71	28	67	76	71	3	4	1	1	1	1	3	4	3	4	3	4	3	4	3	4	61	30	28	29	29	30	28	29	29	30	28	29	29	30	28	29	3	4	3	4	3	4	62	63	17	18	18	18	62	63	62	63	62	63	62	63	44	18	18	18	78	43	43	78	62	63	62	63	44	18	18	18	62	63	0	0	0	0	0	0	0	0	0	0	0	0	0	0	0	0	0	0	0	0	0	0	0	0	0	0	0	0	0	0	0	0	
0	0	0	0	0	0	0	0	0	0	0	0	0	0	0	0	0	0	0	0	0	0	0	0	0	0	0	0	0	0	0	0	4	13	28	30	28	29	29	30	28	29	13	3	4	13	13	3	1	1	1	1	1	1	28	69	77	71	28	69	77	71	28	69	77	71	28	69	77	71	28	69	77	71	28	69	77	71	28	69	77	71	28	69	77	71	28	69	77	71	1	1	1	1	1	1	4	13	13	3	4	13	13	3	4	13	28	30	28	29	29	30	28	29	29	30	28	29	29	30	28	29	13	3	4	13	13	3	63	78	17	18	18	18	78	62	63	78	78	62	63	78	17	18	18	18	78	62	63	78	78	62	63	78	17	18	18	18	78	62	0	0	0	0	0	0	0	0	0	0	0	0	0	0	0	0	0	0	0	0	0	0	0	0	0	0	0	0	0	0	0	0	
0	0	0	0	0	0	0	0	0	0	0	0	0	0	0	0	0	0	0	0	0	0	0	0	0	0	0	0	0	0	0	0	3	4	28	30	28	67	29	30	28	67	22	22	22	22	3	4	1	1	1	1	1	1	3	4	3	4	3	4	3	4	3	4	3	4	3	4	3	4	3	4	3	4	3	4	3	4	3	4	3	4	3	4	3	4	3	4	3	4	1	1	1	1	1	1	3	4	21	22	22	22	22	22	22	22	66	30	28	67	29	30	28	67	29	30	28	67	29	30	28	67	22	22	22	22	3	4	62	63	17	86	87	18	53	10	10	10	10	10	10	10	70	86	87	18	53	10	10	10	10	10	10	10	70	18	18	18	62	63	0	0	0	0	0	0	0	0	0	0	0	0	0	0	0	0	0	0	0	0	0	0	0	0	0	0	0	0	0	0	0	0	
0	0	0	0	0	0	0	0	0	0	0	0	0	0	0	0	0	0	0	0	0	0	0	0	0	0	0	0	0	0	0	0	4	13	28	68	28	69	29	68	28	69	29	29	29	29	13	3	1	1	1	1	1	1	1	1	1	1	1	1	1	1	1	1	1	1	1	1	1	1	1	1	1	1	1	1	1	1	1	1	1	1	1	1	1	1	1	1	1	1	1	1	1	1	1	1	4	13	28	29	29	29	29	29	29	29	29	68	28	69	29	68	28	69	29	68	28	69	29	68	28	69	29	29	29	29	13	3	63	78	17	88	89	18	18	18	18	18	18	18	18	18	18	88	89	18	18	18	18	18	18	18	18	18	18	18	18	18	78	62	0	0	0	0	0	0	0	0	0	0	0	0	0	0	0	0	0	0	0	0	0	0	0	0	0	0	0	0	0	0	0	0	
0	0	0	0	0	0	0	0	0	0	0	0	0	0	0	0	0	0	0	0	0	0	0	0	0	0	0	0	0	0	0	0	3	4	3	4	3	4	3	4	3	4	3	4	3	4	3	4	1	1	1	1	1	1	1	1	1	1	1	1	1	1	1	1	1	1	1	1	1	1	1	1	1	1	1	1	1	1	1	1	1	1	1	1	1	1	1	1	1	1	1	1	1	1	1	1	3	4	3	4	3	4	3	4	3	4	3	4	3	4	3	4	3	4	3	4	3	4	3	4	3	4	3	4	3	4	3	4	62	63	78	43	43	78	62	63	62	63	44	18	18	18	78	43	43	78	62	63	62	63	44	18	18	18	18	18	18	18	62	63	0	0	0	0	0	0	0	0	0	0	0	0	0	0	0	0	0	0	0	0	0	0	0	0	0	0	0	0	0	0	0	0	
0	0	0	0	0	0	0	0	0	0	0	0	0	0	0	0	0	0	0	0	0	0	0	0	0	0	0	0	0	0	0	0	4	13	13	3	4	13	13	3	4	13	13	3	4	13	13	3	1	1	1	1	1	1	1	1	1	1	1	1	1	1	1	1	1	1	1	1	1	1	1	1	1	1	1	1	1	1	1	1	1	1	1	1	1	1	1	1	1	1	1	1	1	1	1	1	4	13	13	3	4	13	13	3	4	13	13	3	4	13	13	3	4	13	13	3	4	13	13	3	4	13	13	3	4	13	13	3	63	78	78	62	63	78	78	62	63	78	17	18	18	18	78	62	63	78	78	62	63	78	17	18	18	18	18	18	18	18	78	62	0	0	0	0	0	0	0	0	0	0	0	0	0	0	0	0	0	0	0	0	0	0	0	0	0	0	0	0	0	0	0	0	
0	0	0	0	0	0	0	0	0	0	0	0	0	0	0	0	0	0	0	0	0	0	0	0	0	0	0	0	0	0	0	0	0	0	0	0	0	0	0	0	0	0	0	0	0	0	0	0	0	0	0	0	0	0	0	0	0	0	0	0	0	0	0	0	1	1	1	1	1	1	1	1	1	1	1	1	1	1	1	1	1	1	1	1	1	1	1	1	1	1	1	1	1	1	1	1	90	90	90	90	90	90	90	90	90	90	90	90	90	90	90	90	90	90	90	90	90	90	90	90	90	90	90	90	90	90	90	90	62	63	9	10	10	10	10	10	10	10	70	86	87	18	53	10	10	10	10	10	10	10	70	86	87	18	18	18	18	18	62	63	90	90	90	90	90	90	90	90	90	90	90	90	90	90	90	90	90	90	90	90	90	90	90	90	90	90	90	90	90	90	90	90	
0	0	0	0	0	0	0	0	0	0	0	0	0	0	0	0	0	0	0	0	0	0	0	0	0	0	0	0	0	0	0	0	0	0	0	0	0	0	0	0	0	0	0	0	0	0	0	0	0	0	0	0	0	0	0	0	0	0	0	0	0	0	0	0	1	1	1	1	1	1	1	1	1	1	1	1	1	1	1	1	1	1	1	1	1	1	1	1	1	1	1	1	1	1	1	1	91	91	91	91	91	91	91	91	91	91	91	91	91	91	91	91	91	91	91	91	91	91	91	91	91	91	91	91	91	91	91	91	63	78	17	18	18	18	18	18	18	18	18	88	89	18	18	18	18	18	18	18	18	18	18	88	89	18	18	18	18	18	78	62	91	91	91	91	91	91	91	91	91	91	91	91	91	91	91	91	91	91	91	91	91	91	91	91	91	91	91	91	91	91	91	91	
0	0	0	0	0	0	0	0	0	0	0	0	0	0	0	0	0	0	0	0	0	0	0	0	0	0	0	0	0	0	0	0	0	0	0	0	0	0	0	0	0	0	0	0	0	0	0	0	0	0	0	0	0	0	0	0	0	0	0	0	0	0	0	0	62	63	62	63	62	63	62	63	62	63	62	63	62	63	62	63	62	63	62	63	62	63	62	63	62	63	62	63	62	63	62	63	1	1	71	71	1	1	71	71	1	1	71	71	1	1	71	71	1	1	71	71	1	1	71	71	1	1	71	71	1	1	71	71	62	63	17	18	18	18	62	63	62	63	78	43	43	78	62	63	62	63	44	18	18	18	62	63	62	63	44	18	18	18	62	63	1	1	71	71	1	1	71	71	1	1	71	71	1	1	71	71	1	1	71	71	1	1	71	71	1	1	71	71	1	1	71	71	
0	0	0	0	0	0	0	0	0	0	0	0	0	0	0	0	0	0	0	0	0	0	0	0	0	0	0	0	0	0	0	0	0	0	0	0	0	0	0	0	0	0	0	0	0	0	0	0	0	0	0	0	0	0	0	0	0	0	0	0	0	0	0	0	63	78	78	62	63	78	78	92	92	78	78	92	92	78	78	92	92	78	78	62	63	78	78	62	63	78	78	62	63	78	78	62	1	1	1	1	1	1	1	1	1	1	1	1	1	1	1	1	1	1	1	1	1	1	1	1	1	1	1	1	1	1	1	1	63	78	17	18	18	18	78	62	63	78	78	62	63	78	78	62	63	78	17	18	18	18	78	62	63	78	17	18	18	18	78	62	1	1	1	1	1	1	1	1	1	1	1	1	1	1	1	1	1	1	1	1	1	1	1	1	1	1	1	1	1	1	1	1	
0	0	0	0	0	0	0	0	0	0	0	0	0	0	0	0	0	0	0	0	0	0	0	0	0	0	0	0	0	0	0	0	0	0	0	0	0	0	0	0	0	0	0	0	0	0	0	0	0	0	0	0	0	0	0	0	0	0	0	0	0	0	0	0	62	63	9	10	93	10	10	10	93	10	10	10	93	10	10	10	93	10	10	10	93	10	10	10	93	10	10	10	93	10	62	63	1	1	1	1	1	1	1	1	1	1	1	1	1	1	1	1	1	1	1	1	1	1	1	1	1	1	1	1	1	1	1	1	62	63	17	86	87	18	53	10	10	10	10	10	10	10	10	10	10	10	70	86	87	18	53	10	10	10	70	86	87	18	62	63	1	1	1	1	1	1	1	1	1	1	1	1	1	1	1	1	1	1	1	1	1	1	1	1	1	1	1	1	1	1	1	1	
0	0	0	0	0	0	0	0	0	0	0	0	0	0	0	0	0	0	0	0	0	0	0	0	0	0	0	0	0	0	0	0	0	0	0	0	0	0	0	0	0	0	0	0	0	0	0	0	0	0	0	0	0	0	0	0	0	0	0	0	0	0	0	0	63	78	17	18	94	18	18	18	94	18	18	18	94	18	18	18	94	18	18	18	94	18	18	18	94	18	18	18	94	18	78	62	1	1	1	9	10	10	1	9	93	10	1	9	93	10	1	9	93	10	1	9	93	10	1	9	93	10	1	9	10	10	1	1	63	78	17	88	89	18	18	18	18	18	18	18	18	18	18	18	18	18	18	88	89	18	18	18	18	18	18	88	89	18	78	62	1	1	1	9	10	10	1	9	93	10	1	9	93	10	1	9	93	10	1	9	93	10	1	9	93	10	1	9	93	10	1	1	
0	0	0	0	0	0	0	0	0	0	0	0	0	0	0	0	0	0	0	0	0	0	0	0	0	0	0	0	0	0	0	0	0	0	0	0	0	0	0	0	0	0	0	0	0	0	0	0	0	0	0	0	0	0	0	0	0	0	0	0	0	0	0	0	62	63	17	18	94	18	62	63	62	63	62	63	62	63	62	63	62	63	62	63	62	63	44	18	94	18	62	63	62	63	62	63	1	1	1	17	18	18	1	17	94	18	1	17	94	18	1	17	94	18	1	17	94	18	1	17	94	18	1	17	18	18	1	1	62	63	78	43	43	78	44	18	18	18	62	63	62	63	44	18	18	18	62	63	62	63	62	63	62	63	62	63	62	63	62	63	1	1	1	17	18	18	1	17	94	18	1	17	94	18	1	17	94	18	1	17	94	18	1	17	94	18	1	17	94	18	1	1	
0	0	0	0	0	0	0	0	0	0	0	0	0	0	0	0	0	0	0	0	0	0	0	0	0	0	0	0	0	0	0	0	0	0	0	0	0	0	0	0	0	0	0	0	0	0	0	0	0	0	0	0	0	0	0	0	0	0	0	0	0	0	0	0	63	78	17	18	94	18	78	62	63	78	78	62	63	78	78	62	63	78	78	62	63	78	17	18	94	18	78	62	63	78	78	62	1	1	10	70	18	18	53	70	95	96	53	70	95	96	53	70	95	96	53	70	95	96	53	70	95	96	53	70	18	18	1	1	63	78	78	62	63	78	17	18	18	18	78	62	63	78	17	18	18	18	78	62	63	78	78	62	63	78	78	62	63	78	78	62	1	1	10	70	18	18	53	70	95	96	53	70	95	96	53	70	95	96	53	70	95	96	53	70	95	96	53	70	94	18	1	1	
0	0	0	0	0	0	0	0	0	0	0	0	0	0	0	0	0	0	0	0	0	0	0	0	0	0	0	0	0	0	0	0	0	0	0	0	0	0	0	0	0	0	0	0	0	0	0	0	0	0	0	0	0	0	0	0	0	0	0	0	0	0	0	0	62	63	17	18	94	18	53	10	93	10	10	10	93	10	10	10	78	78	9	10	93	10	70	18	94	18	53	10	49	50	62	63	1	1	51	52	18	18	18	18	97	17	18	18	97	17	18	18	97	17	18	18	97	17	18	18	97	17	18	18	49	50	1	1	62	63	51	52	9	10	70	86	87	18	53	10	10	10	70	86	87	18	53	10	10	10	10	10	10	10	10	10	49	50	62	63	1	1	51	52	18	18	18	18	97	17	18	18	97	17	18	18	97	17	18	18	97	17	18	18	97	17	18	18	47	48	1	1	
0	0	0	0	0	0	0	0	0	0	0	0	0	0	0	0	0	0	0	0	0	0	0	0	0	0	0	0	0	0	0	0	0	0	0	0	0	0	0	0	0	0	0	0	0	0	0	0	0	0	0	0	0	0	0	0	0	0	0	0	0	0	0	0	63	78	17	18	98	18	18	18	94	18	18	18	94	18	18	18	78	78	17	18	94	18	18	18	98	18	18	18	57	58	78	62	1	1	59	60	18	18	18	18	99	17	18	18	99	17	18	18	99	17	18	18	99	17	18	18	99	17	18	18	57	58	1	1	63	78	59	60	17	18	18	88	89	18	18	18	18	18	18	88	89	18	18	18	18	18	18	18	18	18	18	18	57	58	78	62	1	1	59	60	18	18	18	18	99	17	18	18	99	17	18	18	99	17	18	18	99	17	18	18	99	17	18	18	55	56	1	1	
0	0	0	0	0	0	0	0	0	0	0	0	0	0	0	0	0	0	0	0	0	0	0	0	0	0	0	0	0	0	0	0	0	0	0	0	0	0	0	0	0	0	0	0	0	0	0	0	0	0	0	0	0	0	0	0	0	0	0	0	0	0	0	0	62	63	62	63	62	63	62	63	62	63	44	18	94	18	18	18	78	78	17	18	94	18	62	63	62	63	62	63	62	63	62	63	1	1	1	1	1	1	1	1	1	1	1	1	1	1	1	1	1	1	1	1	1	1	1	1	1	1	1	1	1	1	1	1	62	63	62	63	62	63	62	63	62	63	44	18	18	18	62	63	62	63	62	63	62	63	44	18	18	18	62	63	62	63	62	63	1	1	1	1	1	1	1	1	1	1	1	1	1	1	1	1	1	1	1	1	1	1	1	1	1	1	1	1	1	1	1	1	
0	0	0	0	0	0	0	0	0	0	0	0	0	0	0	0	0	0	0	0	0	0	0	0	0	0	0	0	0	0	0	0	0	0	0	0	0	0	0	0	0	0	0	0	0	0	0	0	0	0	0	0	0	0	0	0	0	0	0	0	0	0	0	0	63	78	78	62	63	78	78	62	63	78	17	18	94	18	18	18	78	78	17	18	94	18	78	62	63	78	78	62	63	78	78	62	1	1	1	1	1	1	1	1	1	1	1	1	1	1	1	1	1	1	1	1	1	1	1	1	1	1	1	1	1	1	1	1	63	78	78	62	63	78	78	62	63	78	17	18	18	18	78	62	63	78	78	62	63	78	17	18	18	18	78	62	63	78	78	62	1	1	1	1	1	1	1	1	1	1	1	1	1	1	1	1	1	1	1	1	1	1	1	1	1	1	1	1	1	1	1	1	
0	0	0	0	0	0	0	0	0	0	0	0	0	0	0	0	0	0	0	0	0	0	0	0	0	0	0	0	0	0	0	0	0	0	0	0	0	0	0	0	0	0	0	0	0	0	0	0	0	0	0	0	0	0	0	0	0	0	0	0	0	0	0	0	62	63	9	10	93	10	10	10	93	10	70	18	94	18	18	18	78	78	17	18	94	18	53	10	93	10	10	10	93	10	62	63	71	71	71	71	71	71	71	71	71	71	71	71	71	71	71	71	71	71	71	71	71	71	71	71	71	71	71	71	71	71	71	71	62	63	9	10	10	10	10	10	10	10	70	86	87	18	53	10	10	10	10	10	10	10	70	86	87	18	53	10	10	10	62	63	71	71	71	71	71	71	71	71	71	71	71	71	71	71	71	71	71	71	71	71	71	71	71	71	71	71	71	71	71	71	71	71	
0	0	0	0	0	0	0	0	0	0	0	0	0	0	0	0	0	0	0	0	0	0	0	0	0	0	0	0	0	0	0	0	0	0	0	0	0	0	0	0	0	0	0	0	0	0	0	0	0	0	0	0	0	0	0	0	0	0	0	0	0	0	0	0	63	78	17	18	94	18	18	18	94	18	18	18	98	18	18	18	80	80	17	18	98	18	18	18	94	18	18	18	94	18	78	62	100	100	100	100	100	100	100	100	100	100	100	100	100	100	100	100	100	100	100	100	100	100	100	100	100	100	100	100	100	100	100	100	63	78	17	18	18	18	18	18	18	18	18	88	89	18	18	18	18	18	18	18	18	18	18	88	89	18	18	18	18	18	78	62	100	100	100	100	100	100	100	100	100	100	100	100	100	100	100	100	100	100	100	100	100	100	100	100	100	100	100	100	100	100	100	100	
0	0	0	0	0	0	0	0	0	0	0	0	0	0	0	0	0	0	0	0	0	0	0	0	0	0	0	0	0	0	0	0	0	0	0	0	0	0	0	0	0	0	0	0	0	0	0	0	0	0	0	0	0	0	0	0	0	0	0	0	0	0	0	0	62	63	17	18	94	18	62	63	62	63	62	63	62	63	62	63	62	63	62	63	62	63	62	63	62	63	62	63	62	63	62	63	90	90	90	90	90	90	90	90	90	90	90	90	90	90	90	90	90	90	90	90	90	90	90	90	90	90	90	90	90	90	90	90	62	63	62	63	62	63	62	63	62	63	62	63	62	63	62	63	62	63	62	63	62	63	62	63	62	63	62	63	62	63	62	63	90	90	90	90	90	90	90	90	90	90	90	90	90	90	90	90	90	90	90	90	90	90	90	90	90	90	90	90	90	90	90	90	
0	0	0	0	0	0	0	0	0	0	0	0	0	0	0	0	0	0	0	0	0	0	0	0	0	0	0	0	0	0	0	0	0	0	0	0	0	0	0	0	0	0	0	0	0	0	0	0	0	0	0	0	0	0	0	0	0	0	0	0	0	0	0	0	63	78	17	18	94	18	78	92	92	78	78	92	92	78	78	92	92	78	78	92	92	78	78	62	63	78	78	62	63	78	78	62	90	90	90	90	90	90	90	90	90	90	90	90	90	90	90	90	90	90	90	90	90	90	90	90	90	90	90	90	90	90	90	90	63	78	78	62	63	78	78	62	63	78	78	62	63	78	78	62	63	78	78	62	63	78	78	62	63	78	78	62	63	78	78	62	90	90	90	90	90	90	90	90	90	90	90	90	90	90	90	90	90	90	90	90	90	90	90	90	90	90	90	90	90	90	90	90	
0	0	0	0	0	0	0	0	0	0	0	0	0	0	0	0	0	0	0	0	0	0	0	0	0	0	0	0	0	0	0	0	0	0	0	0	0	0	0	0	0	0	0	0	0	0	0	0	0	0	0	0	0	0	0	0	0	0	0	0	0	0	0	0	62	63	17	18	94	18	10	10	93	10	10	10	93	10	10	10	93	10	10	10	93	10	10	10	93	10	10	10	93	10	62	63	0	0	0	0	0	0	0	0	0	0	0	0	0	0	0	0	0	0	0	0	0	0	0	0	0	0	0	0	0	0	0	0	0	0	0	0	0	0	0	0	0	0	0	0	0	0	0	0	0	0	0	0	0	0	0	0	0	0	0	0	0	0	0	0	0	0	0	0	0	0	0	0	0	0	0	0	0	0	0	0	0	0	0	0	0	0	0	0	0	0	0	0	0	0	0	0	
0	0	0	0	0	0	0	0	0	0	0	0	0	0	0	0	0	0	0	0	0	0	0	0	0	0	0	0	0	0	0	0	0	0	0	0	0	0	0	0	0	0	0	0	0	0	0	0	0	0	0	0	0	0	0	0	0	0	0	0	0	0	0	0	63	78	17	18	98	18	18	18	94	18	18	18	94	18	18	18	94	18	18	18	94	18	18	18	94	18	18	18	94	18	78	62	0	0	0	0	0	0	0	0	0	0	0	0	0	0	0	0	0	0	0	0	0	0	0	0	0	0	0	0	0	0	0	0	0	0	0	0	0	0	0	0	0	0	0	0	0	0	0	0	0	0	0	0	0	0	0	0	0	0	0	0	0	0	0	0	0	0	0	0	0	0	0	0	0	0	0	0	0	0	0	0	0	0	0	0	0	0	0	0	0	0	0	0	0	0	0	0	
0	0	0	0	0	0	0	0	0	0	0	0	0	0	0	0	0	0	0	0	0	0	0	0	0	0	0	0	0	0	0	0	0	0	0	0	0	0	0	0	0	0	0	0	0	0	0	0	0	0	0	0	0	0	0	0	0	0	0	0	0	0	0	0	62	63	62	63	62	63	62	63	62	63	62	63	62	63	62	63	62	63	62	63	62	63	44	18	94	18	18	18	94	18	62	63	0	0	0	0	0	0	0	0	0	0	0	0	0	0	0	0	0	0	0	0	0	0	0	0	0	0	0	0	0	0	0	0	0	0	0	0	0	0	0	0	0	0	0	0	0	0	0	0	0	0	0	0	0	0	0	0	0	0	0	0	0	0	0	0	0	0	0	0	0	0	0	0	0	0	0	0	0	0	0	0	0	0	0	0	0	0	0	0	0	0	0	0	0	0	0	0	
0	0	0	0	0	0	0	0	0	0	0	0	0	0	0	0	0	0	0	0	0	0	0	0	0	0	0	0	0	0	0	0	0	0	0	0	0	0	0	0	0	0	0	0	0	0	0	0	0	0	0	0	0	0	0	0	0	0	0	0	0	0	0	0	63	78	78	62	63	78	78	62	63	78	78	62	63	78	78	62	63	78	78	62	63	78	17	18	94	18	18	18	94	18	78	62	0	0	0	0	0	0	0	0	0	0	0	0	0	0	0	0	0	0	0	0	0	0	0	0	0	0	0	0	0	0	0	0	0	0	0	0	0	0	0	0	0	0	0	0	0	0	0	0	0	0	0	0	0	0	0	0	0	0	0	0	0	0	0	0	0	0	0	0	0	0	0	0	0	0	0	0	0	0	0	0	0	0	0	0	0	0	0	0	0	0	0	0	0	0	0	0	
0	0	0	0	0	0	0	0	0	0	0	0	0	0	0	0	0	0	0	0	0	0	0	0	0	0	0	0	0	0	0	0	0	0	0	0	0	0	0	0	0	0	0	0	0	0	0	0	0	0	0	0	0	0	0	0	0	0	0	0	0	0	0	0	62	63	9	10	93	10	10	10	93	10	10	10	93	10	10	10	93	10	10	10	93	10	70	18	94	18	18	18	94	18	62	63	0	0	0	0	0	0	0	0	0	0	0	0	0	0	0	0	0	0	0	0	0	0	0	0	0	0	0	0	0	0	0	0	0	0	0	0	0	0	0	0	0	0	0	0	0	0	0	0	0	0	0	0	0	0	0	0	0	0	0	0	0	0	0	0	0	0	0	0	0	0	0	0	0	0	0	0	0	0	0	0	0	0	0	0	0	0	0	0	0	0	0	0	0	0	0	0	
0	0	0	0	0	0	0	0	0	0	0	0	0	0	0	0	0	0	0	0	0	0	0	0	0	0	0	0	0	0	0	0	0	0	0	0	0	0	0	0	0	0	0	0	0	0	0	0	0	0	0	0	0	0	0	0	0	0	0	0	0	0	0	0	63	78	17	18	94	18	18	18	94	18	18	18	94	18	18	18	94	18	18	18	94	18	18	18	98	18	18	18	94	18	78	62	0	0	0	0	0	0	0	0	0	0	0	0	0	0	0	0	0	0	0	0	0	0	0	0	0	0	0	0	0	0	0	0	0	0	0	0	0	0	0	0	0	0	0	0	0	0	0	0	0	0	0	0	0	0	0	0	0	0	0	0	0	0	0	0	0	0	0	0	0	0	0	0	0	0	0	0	0	0	0	0	0	0	0	0	0	0	0	0	0	0	0	0	0	0	0	0	
0	0	0	0	0	0	0	0	0	0	0	0	0	0	0	0	0	0	0	0	0	0	0	0	0	0	0	0	0	0	0	0	0	0	0	0	0	0	0	0	0	0	0	0	0	0	0	0	0	0	0	0	0	0	0	0	0	0	0	0	0	0	0	0	62	63	17	18	94	18	18	18	94	18	18	18	94	18	18	18	94	18	18	18	94	18	62	63	62	63	44	18	94	18	62	63	0	0	0	0	0	0	0	0	0	0	0	0	0	0	0	0	0	0	0	0	0	0	0	0	0	0	0	0	0	0	0	0	0	0	0	0	0	0	0	0	0	0	0	0	0	0	0	0	0	0	0	0	0	0	0	0	0	0	0	0	0	0	0	0	0	0	0	0	0	0	0	0	0	0	0	0	0	0	0	0	0	0	0	0	0	0	0	0	0	0	0	0	0	0	0	0	
0	0	0	0	0	0	0	0	0	0	0	0	0	0	0	0	0	0	0	0	0	0	0	0	0	0	0	0	0	0	0	0	0	0	0	0	0	0	0	0	0	0	0	0	0	0	0	0	0	0	0	0	0	0	0	0	0	0	0	0	0	0	0	0	63	78	17	18	94	18	18	18	94	18	18	18	94	18	18	18	94	18	18	18	94	18	78	62	63	78	17	18	94	18	78	62	0	0	0	0	0	0	0	0	0	0	0	0	0	0	0	0	0	0	0	0	0	0	0	0	0	0	0	0	0	0	0	0	0	0	0	0	0	0	0	0	0	0	0	0	0	0	0	0	0	0	0	0	0	0	0	0	0	0	0	0	0	0	0	0	0	0	0	0	0	0	0	0	0	0	0	0	0	0	0	0	0	0	0	0	0	0	0	0	0	0	0	0	0	0	0	0	
0	0	0	0	0	0	0	0	0	0	0	0	0	0	0	0	0	0	0	0	0	0	0	0	0	0	0	0	0	0	0	0	0	0	0	0	0	0	0	0	0	0	0	0	0	0	0	0	0	0	0	0	0	0	0	0	0	0	0	0	0	0	0	0	62	63	17	18	94	18	18	18	94	18	18	18	94	18	18	18	94	18	18	18	94	18	53	10	93	10	70	18	94	18	62	63	0	0	0	0	0	0	0	0	0	0	0	0	0	0	0	0	0	0	0	0	0	0	0	0	0	0	0	0	0	0	0	0	0	0	0	0	0	0	0	0	0	0	0	0	0	0	0	0	0	0	0	0	0	0	0	0	0	0	0	0	0	0	0	0	0	0	0	0	0	0	0	0	0	0	0	0	0	0	0	0	0	0	0	0	0	0	0	0	0	0	0	0	0	0	0	0	
0	0	0	0	0	0	0	0	0	0	0	0	0	0	0	0	0	0	0	0	0	0	0	0	0	0	0	0	0	0	0	0	0	0	0	0	0	0	0	0	0	0	0	0	0	0	0	0	0	0	0	0	0	0	0	0	0	0	0	0	0	0	0	0	63	78	17	18	94	18	18	18	98	18	18	18	98	18	18	18	98	18	18	18	98	18	18	18	94	18	18	18	94	18	78	62	0	0	0	0	0	0	0	0	0	0	0	0	0	0	0	0	0	0	0	0	0	0	0	0	0	0	0	0	0	0	0	0	0	0	0	0	0	0	0	0	0	0	0	0	0	0	0	0	0	0	0	0	0	0	0	0	0	0	0	0	0	0	0	0	0	0	0	0	0	0	0	0	0	0	0	0	0	0	0	0	0	0	0	0	0	0	0	0	0	0	0	0	0	0	0	0	
0	0	0	0	0	0	0	0	0	0	0	0	0	0	0	0	0	0	0	0	0	0	0	0	0	0	0	0	0	0	0	0	0	0	0	0	0	0	0	0	0	0	0	0	0	0	0	0	0	0	0	0	0	0	0	0	0	0	0	0	0	0	0	0	62	63	17	18	94	18	62	63	62	63	62	63	62	63	62	63	62	63	62	63	62	63	44	18	94	18	18	18	94	18	62	63	0	0	0	0	0	0	0	0	0	0	0	0	0	0	0	0	0	0	0	0	0	0	0	0	0	0	0	0	0	0	0	0	0	0	0	0	0	0	0	0	0	0	0	0	0	0	0	0	0	0	0	0	0	0	0	0	0	0	0	0	0	0	0	0	0	0	0	0	0	0	0	0	0	0	0	0	0	0	0	0	0	0	0	0	0	0	0	0	0	0	0	0	0	0	0	0	
0	0	0	0	0	0	0	0	0	0	0	0	0	0	0	0	0	0	0	0	0	0	0	0	0	0	0	0	0	0	0	0	0	0	0	0	0	0	0	0	0	0	0	0	0	0	0	0	0	0	0	0	0	0	0	0	0	0	0	0	0	0	0	0	63	78	17	18	94	18	78	62	63	78	78	62	63	78	78	62	63	78	78	62	63	78	17	18	94	18	18	18	94	18	78	62	0	0	0	0	0	0	0	0	0	0	0	0	0	0	0	0	0	0	0	0	0	0	0	0	0	0	0	0	0	0	0	0	0	0	0	0	0	0	0	0	0	0	0	0	0	0	0	0	0	0	0	0	0	0	0	0	0	0	0	0	0	0	0	0	0	0	0	0	0	0	0	0	0	0	0	0	0	0	0	0	0	0	0	0	0	0	0	0	0	0	0	0	0	0	0	0	
0	0	0	0	0	0	0	0	0	0	0	0	0	0	0	0	0	0	0	0	0	0	0	0	0	0	0	0	0	0	0	0	0	0	0	0	0	0	0	0	0	0	0	0	0	0	0	0	0	0	0	0	0	0	0	0	0	0	0	0	0	0	0	0	62	63	17	18	94	18	53	10	93	10	10	10	93	10	10	10	93	10	10	10	93	10	70	18	94	18	18	18	94	18	62	63	0	0	0	0	0	0	0	0	0	0	0	0	0	0	0	0	0	0	0	0	0	0	0	0	0	0	0	0	0	0	0	0	0	0	0	0	0	0	0	0	0	0	0	0	0	0	0	0	0	0	0	0	0	0	0	0	0	0	0	0	0	0	0	0	0	0	0	0	0	0	0	0	0	0	0	0	0	0	0	0	0	0	0	0	0	0	0	0	0	0	0	0	0	0	0	0	
0	0	0	0	0	0	0	0	0	0	0	0	0	0	0	0	0	0	0	0	0	0	0	0	0	0	0	0	0	0	0	0	0	0	0	0	0	0	0	0	0	0	0	0	0	0	0	0	0	0	0	0	0	0	0	0	0	0	0	0	0	0	0	0	63	78	17	18	98	18	18	18	94	18	18	18	94	18	18	18	94	18	18	18	94	18	18	18	94	18	18	18	94	18	78	62	0	0	0	0	0	0	0	0	0	0	0	0	0	0	0	0	0	0	0	0	0	0	0	0	0	0	0	0	0	0	0	0	0	0	0	0	0	0	0	0	0	0	0	0	0	0	0	0	0	0	0	0	0	0	0	0	0	0	0	0	0	0	0	0	0	0	0	0	0	0	0	0	0	0	0	0	0	0	0	0	0	0	0	0	0	0	0	0	0	0	0	0	0	0	0	0	
0	0	0	0	0	0	0	0	0	0	0	0	0	0	0	0	0	0	0	0	0	0	0	0	0	0	0	0	0	0	0	0	0	0	0	0	0	0	0	0	0	0	0	0	0	0	0	0	0	0	0	0	0	0	0	0	0	0	0	0	0	0	0	0	62	63	62	63	62	63	44	18	94	18	18	18	94	18	18	18	94	18	18	18	94	18	18	18	94	18	18	18	94	18	62	63	0	0	0	0	0	0	0	0	0	0	0	0	0	0	0	0	0	0	0	0	0	0	0	0	0	0	0	0	0	0	0	0	0	0	0	0	0	0	0	0	0	0	0	0	0	0	0	0	0	0	0	0	0	0	0	0	0	0	0	0	0	0	0	0	0	0	0	0	0	0	0	0	0	0	0	0	0	0	0	0	0	0	0	0	0	0	0	0	0	0	0	0	0	0	0	0	
0	0	0	0	0	0	0	0	0	0	0	0	0	0	0	0	0	0	0	0	0	0	0	0	0	0	0	0	0	0	0	0	0	0	0	0	0	0	0	0	0	0	0	0	0	0	0	0	0	0	0	0	0	0	0	0	0	0	0	0	0	0	0	0	63	78	78	62	63	78	17	18	94	18	18	18	94	18	18	18	94	18	18	18	94	18	18	18	94	18	18	18	94	18	78	62	0	0	0	0	0	0	0	0	0	0	0	0	0	0	0	0	0	0	0	0	0	0	0	0	0	0	0	0	0	0	0	0	0	0	0	0	0	0	0	0	0	0	0	0	0	0	0	0	0	0	0	0	0	0	0	0	0	0	0	0	0	0	0	0	0	0	0	0	0	0	0	0	0	0	0	0	0	0	0	0	0	0	0	0	0	0	0	0	0	0	0	0	0	0	0	0	
0	0	0	0	0	0	0	0	0	0	0	0	0	0	0	0	0	0	0	0	0	0	0	0	0	0	0	0	0	0	0	0	0	0	0	0	0	0	0	0	0	0	0	0	0	0	0	0	0	0	0	0	0	0	0	0	0	0	0	0	0	0	0	0	62	63	9	10	93	10	70	18	94	18	18	18	94	18	18	18	94	18	18	18	94	18	18	18	94	18	18	18	94	18	62	63	0	0	0	0	0	0	0	0	0	0	0	0	0	0	0	0	0	0	0	0	0	0	0	0	0	0	0	0	0	0	0	0	0	0	0	0	0	0	0	0	0	0	0	0	0	0	0	0	0	0	0	0	0	0	0	0	0	0	0	0	0	0	0	0	0	0	0	0	0	0	0	0	0	0	0	0	0	0	0	0	0	0	0	0	0	0	0	0	0	0	0	0	0	0	0	0	
0	0	0	0	0	0	0	0	0	0	0	0	0	0	0	0	0	0	0	0	0	0	0	0	0	0	0	0	0	0	0	0	0	0	0	0	0	0	0	0	0	0	0	0	0	0	0	0	0	0	0	0	0	0	0	0	0	0	0	0	0	0	0	0	63	78	17	18	94	18	18	18	98	18	18	18	98	18	18	18	94	18	18	18	98	18	18	18	98	18	18	18	94	18	78	62	0	0	0	0	0	0	0	0	0	0	0	0	0	0	0	0	0	0	0	0	0	0	0	0	0	0	0	0	0	0	0	0	0	0	0	0	0	0	0	0	0	0	0	0	0	0	0	0	0	0	0	0	0	0	0	0	0	0	0	0	0	0	0	0	0	0	0	0	0	0	0	0	0	0	0	0	0	0	0	0	0	0	0	0	0	0	0	0	0	0	0	0	0	0	0	0	
0	0	0	0	0	0	0	0	0	0	0	0	0	0	0	0	0	0	0	0	0	0	0	0	0	0	0	0	0	0	0	0	0	0	0	0	0	0	0	0	0	0	0	0	0	0	0	0	0	0	0	0	0	0	0	0	0	0	0	0	0	0	0	0	62	63	62	63	62	63	62	63	62	63	62	63	62	63	44	18	94	18	62	63	62	63	62	63	62	63	44	18	94	18	62	63	0	0	0	0	0	0	0	0	0	0	0	0	0	0	0	0	0	0	0	0	0	0	0	0	0	0	0	0	0	0	0	0	0	0	0	0	0	0	0	0	0	0	0	0	0	0	0	0	0	0	0	0	0	0	0	0	0	0	0	0	0	0	0	0	0	0	0	0	0	0	0	0	0	0	0	0	0	0	0	0	0	0	0	0	0	0	0	0	0	0	0	0	0	0	0	0	
0	0	0	0	0	0	0	0	0	0	0	0	0	0	0	0	0	0	0	0	0	0	0	0	0	0	0	0	0	0	0	0	0	0	0	0	0	0	0	0	0	0	0	0	0	0	0	0	0	0	0	0	0	0	0	0	0	0	0	0	0	0	0	0	63	78	78	62	63	78	78	62	63	78	78	62	63	78	17	18	94	18	78	62	63	78	78	62	63	78	17	18	94	18	78	62	0	0	0	0	0	0	0	0	0	0	0	0	0	0	0	0	0	0	0	0	0	0	0	0	0	0	0	0	0	0	0	0	0	0	0	0	0	0	0	0	0	0	0	0	0	0	0	0	0	0	0	0	0	0	0	0	0	0	0	0	0	0	0	0	0	0	0	0	0	0	0	0	0	0	0	0	0	0	0	0	0	0	0	0	0	0	0	0	0	0	0	0	0	0	0	0	
0	0	0	0	0	0	0	0	0	0	0	0	0	0	0	0	0	0	0	0	0	0	0	0	0	0	0	0	0	0	0	0	0	0	0	0	0	0	0	0	0	0	0	0	0	0	0	0	0	0	0	0	0	0	0	0	0	0	0	0	0	0	0	0	62	63	9	10	93	10	10	10	93	10	10	10	93	10	70	18	94	18	53	10	93	10	10	10	93	10	70	18	94	18	62	63	0	0	0	0	0	0	0	0	0	0	0	0	0	0	0	0	0	0	0	0	0	0	0	0	0	0	0	0	0	0	0	0	0	0	0	0	0	0	0	0	0	0	0	0	0	0	0	0	0	0	0	0	0	0	0	0	0	0	0	0	0	0	0	0	0	0	0	0	0	0	0	0	0	0	0	0	0	0	0	0	0	0	0	0	0	0	0	0	0	0	0	0	0	0	0	0	
0	0	0	0	0	0	0	0	0	0	0	0	0	0	0	0	0	0	0	0	0	0	0	0	0	0	0	0	0	0	0	0	0	0	0	0	0	0	0	0	0	0	0	0	0	0	0	0	0	0	0	0	0	0	0	0	0	0	0	0	0	0	0	0	63	78	17	18	94	18	18	18	94	18	18	18	94	18	18	18	94	18	18	18	94	18	18	18	94	18	18	18	98	18	78	62	0	0	0	0	0	0	0	0	0	0	0	0	0	0	0	0	0	0	0	0	0	0	0	0	0	0	0	0	0	0	0	0	0	0	0	0	0	0	0	0	0	0	0	0	0	0	0	0	0	0	0	0	0	0	0	0	0	0	0	0	0	0	0	0	0	0	0	0	0	0	0	0	0	0	0	0	0	0	0	0	0	0	0	0	0	0	0	0	0	0	0	0	0	0	0	0	
0	0	0	0	0	0	0	0	0	0	0	0	0	0	0	0	0	0	0	0	0	0	0	0	0	0	0	0	0	0	0	0	0	0	0	0	0	0	0	0	0	0	0	0	0	0	0	0	0	0	0	0	0	0	0	0	0	0	0	0	0	0	0	0	62	63	17	18	94	18	18	18	94	18	18	18	94	18	18	18	94	18	18	18	94	18	18	18	94	18	62	63	62	63	62	63	0	0	0	0	0	0	0	0	0	0	0	0	0	0	0	0	0	0	0	0	0	0	0	0	0	0	0	0	0	0	0	0	0	0	0	0	0	0	0	0	0	0	0	0	0	0	0	0	0	0	0	0	0	0	0	0	0	0	0	0	0	0	0	0	0	0	0	0	0	0	0	0	0	0	0	0	0	0	0	0	0	0	0	0	0	0	0	0	0	0	0	0	0	0	0	0	
0	0	0	0	0	0	0	0	0	0	0	0	0	0	0	0	0	0	0	0	0	0	0	0	0	0	0	0	0	0	0	0	0	0	0	0	0	0	0	0	0	0	0	0	0	0	0	0	0	0	0	0	0	0	0	0	0	0	0	0	0	0	0	0	63	78	17	18	94	18	18	18	94	18	18	18	94	18	18	18	94	18	18	18	94	18	18	18	94	18	78	62	63	78	78	62	0	0	0	0	0	0	0	0	0	0	0	0	0	0	0	0	0	0	0	0	0	0	0	0	0	0	0	0	0	0	0	0	0	0	0	0	0	0	0	0	0	0	0	0	0	0	0	0	0	0	0	0	0	0	0	0	0	0	0	0	0	0	0	0	0	0	0	0	0	0	0	0	0	0	0	0	0	0	0	0	0	0	0	0	0	0	0	0	0	0	0	0	0	0	0	0	
0	0	0	0	0	0	0	0	0	0	0	0	0	0	0	0	0	0	0	0	0	0	0	0	0	0	0	0	0	0	0	0	0	0	0	0	0	0	0	0	0	0	0	0	0	0	0	0	0	0	0	0	0	0	0	0	0	0	0	0	0	0	0	0	62	63	17	18	94	18	18	18	94	18	18	18	94	18	18	18	94	18	18	18	94	18	18	18	94	18	53	10	93	10	62	63	0	0	0	0	0	0	0	0	0	0	0	0	0	0	0	0	0	0	0	0	0	0	0	0	0	0	0	0	0	0	0	0	0	0	0	0	0	0	0	0	0	0	0	0	0	0	0	0	0	0	0	0	0	0	0	0	0	0	0	0	0	0	0	0	0	0	0	0	0	0	0	0	0	0	0	0	0	0	0	0	0	0	0	0	0	0	0	0	0	0	0	0	0	0	0	0	
0	0	0	0	0	0	0	0	0	0	0	0	0	0	0	0	0	0	0	0	0	0	0	0	0	0	0	0	0	0	0	0	0	0	0	0	0	0	0	0	0	0	0	0	0	0	0	0	0	0	0	0	0	0	0	0	0	0	0	0	0	0	0	0	63	78	17	18	94	18	18	18	98	18	18	18	98	18	18	18	98	18	18	18	98	18	18	18	98	18	18	18	94	18	78	62	0	0	0	0	0	0	0	0	0	0	0	0	0	0	0	0	0	0	0	0	0	0	0	0	0	0	0	0	0	0	0	0	0	0	0	0	0	0	0	0	0	0	0	0	0	0	0	0	0	0	0	0	0	0	0	0	0	0	0	0	0	0	0	0	0	0	0	0	0	0	0	0	0	0	0	0	0	0	0	0	0	0	0	0	0	0	0	0	0	0	0	0	0	0	0	0	
0	0	0	0	0	0	0	0	0	0	0	0	0	0	0	0	0	0	0	0	0	0	0	0	0	0	0	0	0	0	0	0	0	0	0	0	0	0	0	0	0	0	0	0	0	0	0	0	0	0	0	0	0	0	0	0	0	0	0	0	0	0	0	0	62	63	17	18	94	18	62	63	62	63	62	63	62	63	62	63	62	63	62	63	62	63	62	63	62	63	44	18	94	18	62	63	0	0	0	0	0	0	0	0	0	0	0	0	0	0	0	0	0	0	0	0	0	0	0	0	0	0	0	0	0	0	0	0	0	0	0	0	0	0	0	0	0	0	0	0	0	0	0	0	0	0	0	0	0	0	0	0	0	0	0	0	0	0	0	0	0	0	0	0	0	0	0	0	0	0	0	0	0	0	0	0	0	0	0	0	0	0	0	0	0	0	0	0	0	0	0	0	
0	0	0	0	0	0	0	0	0	0	0	0	0	0	0	0	0	0	0	0	0	0	0	0	0	0	0	0	0	0	0	0	0	0	0	0	0	0	0	0	0	0	0	0	0	0	0	0	0	0	0	0	0	0	0	0	0	0	0	0	0	0	0	0	63	78	17	18	94	18	78	62	63	78	78	62	63	78	78	62	63	78	78	62	63	78	78	62	63	78	17	18	94	18	78	62	0	0	0	0	0	0	0	0	0	0	0	0	0	0	0	0	0	0	0	0	0	0	0	0	0	0	0	0	0	0	0	0	0	0	0	0	0	0	0	0	0	0	0	0	0	0	0	0	0	0	0	0	0	0	0	0	0	0	0	0	0	0	0	0	0	0	0	0	0	0	0	0	0	0	0	0	0	0	0	0	0	0	0	0	0	0	0	0	0	0	0	0	0	0	0	0	
0	0	0	0	0	0	0	0	0	0	0	0	0	0	0	0	0	0	0	0	0	0	0	0	0	0	0	0	0	0	0	0	0	0	0	0	0	0	0	0	0	0	0	0	0	0	0	0	0	0	0	0	0	0	0	0	0	0	0	0	0	0	0	0	62	63	17	18	94	18	53	10	93	10	10	10	93	10	10	10	78	78	9	10	93	10	10	10	93	10	70	18	94	18	62	63	0	0	0	0	0	0	0	0	0	0	0	0	0	0	0	0	0	0	0	0	0	0	0	0	0	0	0	0	0	0	0	0	0	0	0	0	0	0	0	0	0	0	0	0	0	0	0	0	0	0	0	0	0	0	0	0	0	0	0	0	0	0	0	0	0	0	0	0	0	0	0	0	0	0	0	0	0	0	0	0	0	0	0	0	0	0	0	0	0	0	0	0	0	0	0	0	
0	0	0	0	0	0	0	0	0	0	0	0	0	0	0	0	0	0	0	0	0	0	0	0	0	0	0	0	0	0	0	0	0	0	0	0	0	0	0	0	0	0	0	0	0	0	0	0	0	0	0	0	0	0	0	0	0	0	0	0	0	0	0	0	63	78	17	18	98	18	18	18	94	18	18	18	94	18	18	18	78	78	17	18	94	18	18	18	94	18	18	18	98	18	78	62	0	0	0	0	0	0	0	0	0	0	0	0	0	0	0	0	0	0	0	0	0	0	0	0	0	0	0	0	0	0	0	0	0	0	0	0	0	0	0	0	0	0	0	0	0	0	0	0	0	0	0	0	0	0	0	0	0	0	0	0	0	0	0	0	0	0	0	0	0	0	0	0	0	0	0	0	0	0	0	0	0	0	0	0	0	0	0	0	0	0	0	0	0	0	0	0	
0	0	0	0	0	0	0	0	0	0	0	0	0	0	0	0	0	0	0	0	0	0	0	0	0	0	0	0	0	0	0	0	0	0	0	0	0	0	0	0	0	0	0	0	0	0	0	0	0	0	0	0	0	0	0	0	0	0	0	0	0	0	0	0	62	63	62	63	62	63	44	18	94	18	18	18	94	18	18	18	78	78	17	18	94	18	18	18	94	18	62	63	62	63	62	63	0	0	0	0	0	0	0	0	0	0	0	0	0	0	0	0	0	0	0	0	0	0	0	0	0	0	0	0	0	0	0	0	0	0	0	0	0	0	0	0	0	0	0	0	0	0	0	0	0	0	0	0	0	0	0	0	0	0	0	0	0	0	0	0	0	0	0	0	0	0	0	0	0	0	0	0	0	0	0	0	0	0	0	0	0	0	0	0	0	0	0	0	0	0	0	0	
0	0	0	0	0	0	0	0	0	0	0	0	0	0	0	0	0	0	0	0	0	0	0	0	0	0	0	0	0	0	0	0	0	0	0	0	0	0	0	0	0	0	0	0	0	0	0	0	0	0	0	0	0	0	0	0	0	0	0	0	0	0	0	0	63	78	78	62	63	78	17	18	94	18	18	18	94	18	18	18	78	78	17	18	94	18	18	18	94	18	78	62	63	78	78	62	0	0	0	0	0	0	0	0	0	0	0	0	0	0	0	0	0	0	0	0	0	0	0	0	0	0	0	0	0	0	0	0	0	0	0	0	0	0	0	0	0	0	0	0	0	0	0	0	0	0	0	0	0	0	0	0	0	0	0	0	0	0	0	0	0	0	0	0	0	0	0	0	0	0	0	0	0	0	0	0	0	0	0	0	0	0	0	0	0	0	0	0	0	0	0	0	
0	0	0	0	0	0	0	0	0	0	0	0	0	0	0	0	0	0	0	0	0	0	0	0	0	0	0	0	0	0	0	0	0	0	0	0	0	0	0	0	0	0	0	0	0	0	0	0	0	0	0	0	0	0	0	0	0	0	0	0	0	0	0	0	62	63	9	10	93	10	70	18	94	18	18	18	94	18	18	18	78	78	17	18	94	18	18	18	94	18	53	10	93	10	62	63	0	0	0	0	0	0	0	0	0	0	0	0	0	0	0	0	0	0	0	0	0	0	0	0	0	0	0	0	0	0	0	0	0	0	0	0	0	0	0	0	0	0	0	0	0	0	0	0	0	0	0	0	0	0	0	0	0	0	0	0	0	0	0	0	0	0	0	0	0	0	0	0	0	0	0	0	0	0	0	0	0	0	0	0	0	0	0	0	0	0	0	0	0	0	0	0	
0	0	0	0	0	0	0	0	0	0	0	0	0	0	0	0	0	0	0	0	0	0	0	0	0	0	0	0	0	0	0	0	0	0	0	0	0	0	0	0	0	0	0	0	0	0	0	0	0	0	0	0	0	0	0	0	0	0	0	0	0	0	0	0	63	78	17	18	94	18	18	18	98	18	18	18	94	18	18	18	80	80	17	18	98	18	18	18	98	18	18	18	94	18	78	62	0	0	0	0	0	0	0	0	0	0	0	0	0	0	0	0	0	0	0	0	0	0	0	0	0	0	0	0	0	0	0	0	0	0	0	0	0	0	0	0	0	0	0	0	0	0	0	0	0	0	0	0	0	0	0	0	0	0	0	0	0	0	0	0	0	0	0	0	0	0	0	0	0	0	0	0	0	0	0	0	0	0	0	0	0	0	0	0	0	0	0	0	0	0	0	0	
0	0	0	0	0	0	0	0	0	0	0	0	0	0	0	0	0	0	0	0	0	0	0	0	0	0	0	0	0	0	0	0	0	0	0	0	0	0	0	0	0	0	0	0	0	0	0	0	0	0	0	0	0	0	0	0	0	0	0	0	0	0	0	0	62	63	17	18	94	18	62	63	62	63	44	18	94	18	62	63	62	63	62	63	62	63	62	63	62	63	44	18	94	18	62	63	0	0	0	0	0	0	0	0	0	0	0	0	0	0	0	0	0	0	0	0	0	0	0	0	0	0	0	0	0	0	0	0	0	0	0	0	0	0	0	0	0	0	0	0	0	0	0	0	0	0	0	0	0	0	0	0	0	0	0	0	0	0	0	0	0	0	0	0	0	0	0	0	0	0	0	0	0	0	0	0	0	0	0	0	0	0	0	0	0	0	0	0	0	0	0	0	
0	0	0	0	0	0	0	0	0	0	0	0	0	0	0	0	0	0	0	0	0	0	0	0	0	0	0	0	0	0	0	0	0	0	0	0	0	0	0	0	0	0	0	0	0	0	0	0	0	0	0	0	0	0	0	0	0	0	0	0	0	0	0	0	63	78	17	18	94	18	78	62	63	78	17	18	94	18	78	62	63	78	78	62	63	78	78	62	63	78	17	18	94	18	78	62	0	0	0	0	0	0	0	0	0	0	0	0	0	0	0	0	0	0	0	0	0	0	0	0	0	0	0	0	0	0	0	0	0	0	0	0	0	0	0	0	0	0	0	0	0	0	0	0	0	0	0	0	0	0	0	0	0	0	0	0	0	0	0	0	0	0	0	0	0	0	0	0	0	0	0	0	0	0	0	0	0	0	0	0	0	0	0	0	0	0	0	0	0	0	0	0	
0	0	0	0	0	0	0	0	0	0	0	0	0	0	0	0	0	0	0	0	0	0	0	0	0	0	0	0	0	0	0	0	0	0	0	0	0	0	0	0	0	0	0	0	0	0	0	0	0	0	0	0	0	0	0	0	0	0	0	0	0	0	0	0	62	63	17	18	94	18	53	10	93	10	70	18	94	18	53	10	93	10	10	10	78	78	9	10	93	10	70	18	94	18	62	63	0	0	0	0	0	0	0	0	0	0	0	0	0	0	0	0	0	0	0	0	0	0	0	0	0	0	0	0	0	0	0	0	0	0	0	0	0	0	0	0	0	0	0	0	0	0	0	0	0	0	0	0	0	0	0	0	0	0	0	0	0	0	0	0	0	0	0	0	0	0	0	0	0	0	0	0	0	0	0	0	0	0	0	0	0	0	0	0	0	0	0	0	0	0	0	0	
0	0	0	0	0	0	0	0	0	0	0	0	0	0	0	0	0	0	0	0	0	0	0	0	0	0	0	0	0	0	0	0	0	0	0	0	0	0	0	0	0	0	0	0	0	0	0	0	0	0	0	0	0	0	0	0	0	0	0	0	0	0	0	0	63	78	17	18	98	18	18	18	94	18	18	18	98	18	18	18	94	18	18	18	78	78	17	18	94	18	18	18	98	18	78	62	0	0	0	0	0	0	0	0	0	0	0	0	0	0	0	0	0	0	0	0	0	0	0	0	0	0	0	0	0	0	0	0	0	0	0	0	0	0	0	0	0	0	0	0	0	0	0	0	0	0	0	0	0	0	0	0	0	0	0	0	0	0	0	0	0	0	0	0	0	0	0	0	0	0	0	0	0	0	0	0	0	0	0	0	0	0	0	0	0	0	0	0	0	0	0	0	
0	0	0	0	0	0	0	0	0	0	0	0	0	0	0	0	0	0	0	0	0	0	0	0	0	0	0	0	0	0	0	0	0	0	0	0	0	0	0	0	0	0	0	0	0	0	0	0	0	0	0	0	0	0	0	0	0	0	0	0	0	0	0	0	62	63	62	63	62	63	62	63	62	63	62	63	62	63	44	18	94	18	18	18	78	78	17	18	94	18	62	63	62	63	62	63	0	0	0	0	0	0	0	0	0	0	0	0	0	0	0	0	0	0	0	0	0	0	0	0	0	0	0	0	0	0	0	0	0	0	0	0	0	0	0	0	0	0	0	0	0	0	0	0	0	0	0	0	0	0	0	0	0	0	0	0	0	0	0	0	0	0	0	0	0	0	0	0	0	0	0	0	0	0	0	0	0	0	0	0	0	0	0	0	0	0	0	0	0	0	0	0	
0	0	0	0	0	0	0	0	0	0	0	0	0	0	0	0	0	0	0	0	0	0	0	0	0	0	0	0	0	0	0	0	0	0	0	0	0	0	0	0	0	0	0	0	0	0	0	0	0	0	0	0	0	0	0	0	0	0	0	0	0	0	0	0	63	78	78	62	63	78	78	62	63	78	78	62	63	78	17	18	94	18	18	18	78	78	17	18	94	18	78	62	63	78	78	62	0	0	0	0	0	0	0	0	0	0	0	0	0	0	0	0	0	0	0	0	0	0	0	0	0	0	0	0	0	0	0	0	0	0	0	0	0	0	0	0	0	0	0	0	0	0	0	0	0	0	0	0	0	0	0	0	0	0	0	0	0	0	0	0	0	0	0	0	0	0	0	0	0	0	0	0	0	0	0	0	0	0	0	0	0	0	0	0	0	0	0	0	0	0	0	0	
0	0	0	0	0	0	0	0	0	0	0	0	0	0	0	0	0	0	0	0	0	0	0	0	0	0	0	0	0	0	0	0	0	0	0	0	0	0	0	0	0	0	0	0	0	0	0	0	0	0	0	0	0	0	0	0	0	0	0	0	0	0	0	0	62	63	9	10	93	10	10	10	93	10	10	10	93	10	70	18	94	18	18	18	78	78	17	18	94	18	53	10	93	10	62	63	0	0	0	0	0	0	0	0	0	0	0	0	0	0	0	0	0	0	0	0	0	0	0	0	0	0	0	0	0	0	0	0	0	0	0	0	0	0	0	0	0	0	0	0	0	0	0	0	0	0	0	0	0	0	0	0	0	0	0	0	0	0	0	0	0	0	0	0	0	0	0	0	0	0	0	0	0	0	0	0	0	0	0	0	0	0	0	0	0	0	0	0	0	0	0	0	
0	0	0	0	0	0	0	0	0	0	0	0	0	0	0	0	0	0	0	0	0	0	0	0	0	0	0	0	0	0	0	0	0	0	0	0	0	0	0	0	0	0	0	0	0	0	0	0	0	0	0	0	0	0	0	0	0	0	0	0	0	0	0	0	63	78	17	18	94	18	18	18	94	18	18	18	94	18	18	18	98	18	18	18	80	80	17	18	98	18	18	18	94	18	78	62	0	0	0	0	0	0	0	0	0	0	0	0	0	0	0	0	0	0	0	0	0	0	0	0	0	0	0	0	0	0	0	0	0	0	0	0	0	0	0	0	0	0	0	0	0	0	0	0	0	0	0	0	0	0	0	0	0	0	0	0	0	0	0	0	0	0	0	0	0	0	0	0	0	0	0	0	0	0	0	0	0	0	0	0	0	0	0	0	0	0	0	0	0	0	0	0	
0	0	0	0	0	0	0	0	0	0	0	0	0	0	0	0	0	0	0	0	0	0	0	0	0	0	0	0	0	0	0	0	0	0	0	0	0	0	0	0	0	0	0	0	0	0	0	0	0	0	0	0	0	0	0	0	0	0	0	0	0	0	0	0	62	63	17	18	94	18	18	18	94	18	62	63	62	63	62	63	62	63	62	63	62	63	62	63	62	63	44	18	94	18	62	63	0	0	0	0	0	0	0	0	0	0	0	0	0	0	0	0	0	0	0	0	0	0	0	0	0	0	0	0	0	0	0	0	0	0	0	0	0	0	0	0	0	0	0	0	0	0	0	0	0	0	0	0	0	0	0	0	0	0	0	0	0	0	0	0	0	0	0	0	0	0	0	0	0	0	0	0	0	0	0	0	0	0	0	0	0	0	0	0	0	0	0	0	0	0	0	0	
0	0	0	0	0	0	0	0	0	0	0	0	0	0	0	0	0	0	0	0	0	0	0	0	0	0	0	0	0	0	0	0	0	0	0	0	0	0	0	0	0	0	0	0	0	0	0	0	0	0	0	0	0	0	0	0	0	0	0	0	0	0	0	0	63	78	17	18	94	18	18	18	94	18	78	62	63	78	78	62	63	78	78	62	63	78	78	62	63	78	17	18	94	18	78	62	0	0	0	0	0	0	0	0	0	0	0	0	0	0	0	0	0	0	0	0	0	0	0	0	0	0	0	0	0	0	0	0	0	0	0	0	0	0	0	0	0	0	0	0	0	0	0	0	0	0	0	0	0	0	0	0	0	0	0	0	0	0	0	0	0	0	0	0	0	0	0	0	0	0	0	0	0	0	0	0	0	0	0	0	0	0	0	0	0	0	0	0	0	0	0	0	
0	0	0	0	0	0	0	0	0	0	0	0	0	0	0	0	0	0	0	0	0	0	0	0	0	0	0	0	0	0	0	0	0	0	0	0	0	0	0	0	0	0	0	0	0	0	0	0	0	0	0	0	0	0	0	0	0	0	0	0	0	0	0	0	62	63	17	18	94	18	18	18	94	18	53	10	93	10	10	10	78	78	9	10	93	10	10	10	93	10	70	18	94	18	62	63	0	0	0	0	0	0	0	0	0	0	0	0	0	0	0	0	0	0	0	0	0	0	0	0	0	0	0	0	0	0	0	0	0	0	0	0	0	0	0	0	0	0	0	0	0	0	0	0	0	0	0	0	0	0	0	0	0	0	0	0	0	0	0	0	0	0	0	0	0	0	0	0	0	0	0	0	0	0	0	0	0	0	0	0	0	0	0	0	0	0	0	0	0	0	0	0	
0	0	0	0	0	0	0	0	0	0	0	0	0	0	0	0	0	0	0	0	0	0	0	0	0	0	0	0	0	0	0	0	0	0	0	0	0	0	0	0	0	0	0	0	0	0	0	0	0	0	0	0	0	0	0	0	0	0	0	0	0	0	0	0	63	78	17	18	98	18	18	18	98	18	18	18	94	18	18	18	78	78	17	18	94	18	18	18	94	18	18	18	98	18	78	62	0	0	0	0	0	0	0	0	0	0	0	0	0	0	0	0	0	0	0	0	0	0	0	0	0	0	0	0	0	0	0	0	0	0	0	0	0	0	0	0	0	0	0	0	0	0	0	0	0	0	0	0	0	0	0	0	0	0	0	0	0	0	0	0	0	0	0	0	0	0	0	0	0	0	0	0	0	0	0	0	0	0	0	0	0	0	0	0	0	0	0	0	0	0	0	0	
0	0	0	0	0	0	0	0	0	0	0	0	0	0	0	0	0	0	0	0	0	0	0	0	0	0	0	0	0	0	0	0	0	0	0	0	0	0	0	0	0	0	0	0	0	0	0	0	0	0	0	0	0	0	0	0	0	0	0	0	0	0	0	0	62	63	62	63	62	63	62	63	62	63	44	18	94	18	18	18	78	78	17	18	94	18	18	18	94	18	62	63	62	63	62	63	0	0	0	0	0	0	0	0	0	0	0	0	0	0	0	0	0	0	0	0	0	0	0	0	0	0	0	0	0	0	0	0	0	0	0	0	0	0	0	0	0	0	0	0	0	0	0	0	0	0	0	0	0	0	0	0	0	0	0	0	0	0	0	0	0	0	0	0	0	0	0	0	0	0	0	0	0	0	0	0	0	0	0	0	0	0	0	0	0	0	0	0	0	0	0	0	
0	0	0	0	0	0	0	0	0	0	0	0	0	0	0	0	0	0	0	0	0	0	0	0	0	0	0	0	0	0	0	0	0	0	0	0	0	0	0	0	0	0	0	0	0	0	0	0	0	0	0	0	0	0	0	0	0	0	0	0	0	0	0	0	63	78	78	62	63	78	78	92	92	78	17	18	94	18	18	18	78	78	17	18	94	18	18	18	94	18	78	62	63	78	78	62	0	0	0	0	0	0	0	0	0	0	0	0	0	0	0	0	0	0	0	0	0	0	0	0	0	0	0	0	0	0	0	0	0	0	0	0	0	0	0	0	0	0	0	0	0	0	0	0	0	0	0	0	0	0	0	0	0	0	0	0	0	0	0	0	0	0	0	0	0	0	0	0	0	0	0	0	0	0	0	0	0	0	0	0	0	0	0	0	0	0	0	0	0	0	0	0	
1	1	1	1	1	1	1	1	1	1	1	1	1	1	1	1	1	1	1	1	1	1	1	1	1	1	1	1	1	1	1	1	1	1	1	1	1	1	1	1	1	1	1	1	1	1	1	1	1	1	1	1	1	1	1	1	1	1	1	1	1	1	1	1	62	63	9	10	93	10	10	10	93	10	70	18	94	18	18	18	78	78	17	18	94	18	18	18	94	18	53	10	93	10	62	63	0	0	0	0	0	0	0	0	0	0	0	0	0	0	0	0	0	0	0	0	0	0	0	0	0	0	0	0	0	0	0	0	0	0	0	0	0	0	0	0	0	0	0	0	0	0	0	0	0	0	0	0	0	0	0	0	0	0	0	0	0	0	0	0	0	0	0	0	0	0	0	0	0	0	0	0	0	0	0	0	0	0	0	0	0	0	0	0	0	0	0	0	0	0	0	0	
101	101	101	101	101	101	101	101	101	101	101	101	101	101	101	101	101	101	101	101	101	101	101	101	101	101	101	101	101	101	101	101	101	101	101	101	101	101	101	101	101	101	101	101	101	101	101	101	101	101	101	101	101	101	101	101	101	101	101	101	101	101	101	101	63	78	17	18	94	18	18	18	94	18	18	18	98	18	18	18	80	80	17	18	98	18	18	18	98	18	18	18	94	18	78	62	0	0	0	0	0	0	0	0	0	0	0	0	0	0	0	0	0	0	0	0	0	0	0	0	0	0	0	0	0	0	0	0	0	0	0	0	0	0	0	0	0	0	0	0	0	0	0	0	0	0	0	0	0	0	0	0	0	0	0	0	0	0	0	0	0	0	0	0	0	0	0	0	0	0	0	0	0	0	0	0	0	0	0	0	0	0	0	0	0	0	0	0	0	0	0	0	
102	103	104	105	106	107	104	105	106	107	104	105	106	107	104	105	106	107	104	105	106	107	104	105	106	107	104	105	106	107	104	105	106	107	104	105	106	107	104	105	106	107	104	105	106	107	104	105	106	107	104	105	106	107	104	105	106	107	104	102	108	109	110	110	62	63	17	18	94	18	62	63	62	63	62	63	62	63	62	63	62	63	62	63	62	63	62	63	62	63	44	18	94	18	62	63	0	0	0	0	0	0	0	0	0	0	0	0	0	0	0	0	0	0	0	0	0	0	0	0	0	0	0	0	0	0	0	0	0	0	0	0	0	0	0	0	0	0	0	0	0	0	0	0	0	0	0	0	0	0	0	0	0	0	0	0	0	0	0	0	0	0	0	0	0	0	0	0	0	0	0	0	0	0	0	0	0	0	0	0	0	0	0	0	0	0	0	0	0	0	0	0	
111	112	113	114	115	116	113	117	118	116	113	114	115	116	113	117	118	116	113	117	118	116	113	114	115	116	113	114	115	116	113	117	118	116	113	114	115	116	113	117	118	116	113	114	115	116	113	114	115	116	113	117	118	116	113	117	118	116	113	111	119	120	121	121	63	78	17	18	94	18	78	62	63	78	78	62	63	78	78	62	63	78	78	62	63	78	78	62	63	78	17	18	94	18	78	62	0	0	0	0	0	0	0	0	0	0	0	0	0	0	0	0	0	0	0	0	0	0	0	0	0	0	0	0	0	0	0	0	0	0	0	0	0	0	0	0	0	0	0	0	0	0	0	0	0	0	0	0	0	0	0	0	0	0	0	0	0	0	0	0	0	0	0	0	0	0	0	0	0	0	0	0	0	0	0	0	0	0	0	0	0	0	0	0	0	0	0	0	0	0	0	0	
111	112	113	122	104	123	113	114	115	116	113	122	104	123	113	117	118	116	113	114	115	116	113	122	104	123	113	122	104	123	113	114	115	116	113	122	104	123	113	117	118	116	113	122	104	123	113	122	104	123	113	114	115	116	113	117	118	116	113	111	119	120	121	121	62	63	17	18	94	18	53	10	93	10	10	10	93	10	10	10	93	10	10	10	78	78	9	10	93	10	70	18	94	18	62	63	0	0	0	0	0	0	0	0	0	0	0	0	0	0	0	0	0	0	0	0	0	0	0	0	0	0	0	0	0	0	0	0	0	0	0	0	0	0	0	0	0	0	0	0	0	0	0	0	0	0	0	0	0	0	0	0	0	0	0	0	0	0	0	0	0	0	0	0	0	0	0	0	0	0	0	0	0	0	0	0	0	0	0	0	0	0	0	0	0	0	0	0	0	0	0	0	
111	112	113	113	113	113	113	122	104	123	113	113	113	113	113	117	118	116	113	122	104	123	113	113	113	113	113	113	113	113	113	122	104	123	113	113	113	113	113	117	118	116	113	113	113	113	113	113	113	113	113	122	104	123	113	117	118	116	113	111	105	120	121	121	63	78	17	18	98	18	18	18	94	18	18	18	94	18	18	18	94	18	18	18	78	78	17	18	94	18	18	18	98	18	78	62	0	0	0	0	0	0	0	0	0	0	0	0	0	0	0	0	0	0	0	0	0	0	0	0	0	0	0	0	0	0	0	0	0	0	0	0	0	0	0	0	0	0	0	0	0	0	0	0	0	0	0	0	0	0	0	0	0	0	0	0	0	0	0	0	0	0	0	0	0	0	0	0	0	0	0	0	0	0	0	0	0	0	0	0	0	0	0	0	0	0	0	0	0	0	0	0	
102	103	113	113	113	113	113	113	113	113	113	113	113	113	113	114	115	116	113	113	113	113	113	113	113	113	113	113	113	113	113	113	113	113	113	113	113	113	113	114	115	116	113	113	113	113	113	113	113	113	113	113	113	113	113	114	115	116	113	111	124	120	121	121	62	63	62	63	62	63	44	18	94	18	18	18	94	18	18	18	94	18	18	18	78	78	17	18	94	18	62	63	62	63	62	63	0	0	0	0	0	0	0	0	0	0	0	0	0	0	0	0	0	0	0	0	0	0	0	0	0	0	0	0	0	0	0	0	0	0	0	0	0	0	0	0	0	0	0	0	0	0	0	0	0	0	0	0	0	0	0	0	0	0	0	0	0	0	0	0	0	0	0	0	0	0	0	0	0	0	0	0	0	0	0	0	0	0	0	0	0	0	0	0	0	0	0	0	0	0	0	0	
111	112	113	113	113	113	113	113	113	113	113	113	113	113	113	122	104	123	113	113	113	113	113	113	113	113	113	113	113	113	113	113	113	113	113	113	113	113	113	122	104	123	113	113	113	113	113	113	113	113	113	113	113	113	113	122	104	123	113	111	125	120	121	121	63	78	78	62	63	78	17	18	94	18	18	18	94	18	18	18	94	18	18	18	78	78	17	18	94	18	78	62	63	78	78	62	0	0	0	0	0	0	0	0	0	0	0	0	0	0	0	0	0	0	0	0	0	0	0	0	0	0	0	0	0	0	0	0	0	0	0	0	0	0	0	0	0	0	0	0	0	0	0	0	0	0	0	0	0	0	0	0	0	0	0	0	0	0	0	0	0	0	0	0	0	0	0	0	0	0	0	0	0	0	0	0	0	0	0	0	0	0	0	0	0	0	0	0	0	0	0	0	
111	112	81	82	83	126	126	126	126	126	126	126	126	126	126	126	126	126	126	126	126	126	126	126	126	126	126	126	126	126	126	126	126	126	126	126	126	126	126	126	126	126	126	126	126	126	126	126	126	126	126	126	126	126	126	126	126	126	126	111	127	120	121	121	62	63	51	52	9	10	70	18	94	18	18	18	94	18	18	18	94	18	18	18	78	78	17	18	94	18	53	10	49	50	62	63	0	0	0	0	0	0	0	0	0	0	0	0	0	0	0	0	0	0	0	0	0	0	0	0	0	0	0	0	0	0	0	0	0	0	0	0	0	0	0	0	0	0	0	0	0	0	0	0	0	0	0	0	0	0	0	0	0	0	0	0	0	0	0	0	0	0	0	0	0	0	0	0	0	0	0	0	0	0	0	0	0	0	0	0	0	0	0	0	0	0	0	0	0	0	0	0	
111	112	84	71	85	71	65	65	65	65	65	65	65	65	65	65	65	65	65	71	71	71	71	71	71	65	65	65	65	65	65	71	71	71	71	71	71	65	65	65	65	65	65	71	71	71	71	71	71	65	65	65	65	65	65	65	65	65	65	128	129	130	131	131	63	78	59	60	17	18	18	18	98	18	18	18	94	18	18	18	98	18	18	18	80	80	17	18	98	18	18	18	57	58	78	62	0	0	0	0	0	0	0	0	0	0	0	0	0	0	0	0	0	0	0	0	0	0	0	0	0	0	0	0	0	0	0	0	0	0	0	0	0	0	0	0	0	0	0	0	0	0	0	0	0	0	0	0	0	0	0	0	0	0	0	0	0	0	0	0	0	0	0	0	0	0	0	0	0	0	0	0	0	0	0	0	0	0	0	0	0	0	0	0	0	0	0	0	0	0	0	0	
132	133	134	135	132	133	134	135	132	133	134	135	132	133	134	135	132	133	134	136	71	71	71	71	137	133	134	135	132	133	134	136	71	71	71	71	137	133	134	135	132	133	134	136	71	71	71	71	137	133	134	135	132	133	134	135	132	133	134	135	132	133	134	135	62	63	62	63	62	63	62	63	62	63	44	18	94	18	62	63	62	63	62	63	62	63	62	63	62	63	62	63	62	63	62	63	0	0	0	0	0	0	0	0	0	0	0	0	0	0	0	0	0	0	0	0	0	0	0	0	0	0	0	0	0	0	0	0	0	0	0	0	0	0	0	0	0	0	0	0	0	0	0	0	0	0	0	0	0	0	0	0	0	0	0	0	0	0	0	0	0	0	0	0	0	0	0	0	0	0	0	0	0	0	0	0	0	0	0	0	0	0	0	0	0	0	0	0	0	0	0	0	
138	139	140	71	138	139	140	71	138	139	140	71	138	139	140	71	138	139	140	71	71	71	71	71	138	139	140	71	138	139	140	71	71	71	71	71	138	139	140	71	138	139	140	71	71	71	71	71	138	139	140	71	138	139	140	71	138	139	140	71	138	139	140	71	63	78	78	62	63	78	78	62	63	78	17	18	94	18	78	62	63	78	78	62	63	78	78	62	63	78	78	62	63	78	78	62	0	0	0	0	0	0	0	0	0	0	0	0	0	0	0	0	0	0	0	0	0	0	0	0	0	0	0	0	0	0	0	0	0	0	0	0	0	0	0	0	0	0	0	0	0	0	0	0	0	0	0	0	0	0	0	0	0	0	0	0	0	0	0	0	0	0	0	0	0	0	0	0	0	0	0	0	0	0	0	0	0	0	0	0	0	0	0	0	0	0	0	0	0	0	0	0	
71	141	71	71	71	141	71	71	71	141	71	71	71	141	71	71	71	141	71	71	71	71	71	71	71	141	71	71	71	141	71	71	71	71	71	71	71	141	71	71	71	141	71	71	71	71	71	71	71	141	71	71	71	141	71	71	71	141	71	71	71	141	71	71	62	63	9	10	93	10	10	10	93	10	70	18	94	18	53	10	93	10	10	10	93	10	10	10	93	10	10	10	93	10	62	63	0	0	0	0	0	0	0	0	0	0	0	0	0	0	0	0	0	0	0	0	0	0	0	0	0	0	0	0	0	0	0	0	0	0	0	0	0	0	0	0	0	0	0	0	0	0	0	0	0	0	0	0	0	0	0	0	0	0	0	0	0	0	0	0	0	0	0	0	0	0	0	0	0	0	0	0	0	0	0	0	0	0	0	0	0	0	0	0	0	0	0	0	0	0	0	0	
142	143	142	142	142	143	142	142	142	143	142	142	142	143	142	142	142	143	142	142	142	142	142	142	142	143	142	142	142	143	142	142	142	142	142	142	142	143	142	142	142	143	142	142	142	142	142	142	142	143	142	142	142	143	142	142	142	143	142	142	142	143	142	142	63	78	17	18	94	18	18	18	94	18	18	18	98	18	18	18	94	18	18	18	94	18	18	18	94	18	18	18	94	18	78	62	0	0	0	0	0	0	0	0	0	0	0	0	0	0	0	0	0	0	0	0	0	0	0	0	0	0	0	0	0	0	0	0	0	0	0	0	0	0	0	0	0	0	0	0	0	0	0	0	0	0	0	0	0	0	0	0	0	0	0	0	0	0	0	0	0	0	0	0	0	0	0	0	0	0	0	0	0	0	0	0	0	0	0	0	0	0	0	0	0	0	0	0	0	0	0	0	
1	1	1	1	1	1	1	1	1	1	1	1	1	1	1	1	1	1	1	1	1	1	1	1	1	1	1	1	1	1	1	1	1	1	1	1	1	1	1	1	1	1	1	1	1	1	1	1	1	1	1	1	1	1	1	1	1	1	1	1	1	1	1	1	62	63	62	63	62	63	62	63	62	63	62	63	62	63	62	63	62	63	62	63	62	63	62	63	62	63	62	63	62	63	62	63	0	0	0	0	0	0	0	0	0	0	0	0	0	0	0	0	0	0	0	0	0	0	0	0	0	0	0	0	0	0	0	0	0	0	0	0	0	0	0	0	0	0	0	0	0	0	0	0	0	0	0	0	0	0	0	0	0	0	0	0	0	0	0	0	0	0	0	0	0	0	0	0	0	0	0	0	0	0	0	0	0	0	0	0	0	0	0	0	0	0	0	0	0	0	0	0	
1	1	1	1	1	1	1	1	1	1	1	1	1	1	1	1	1	1	1	1	1	1	1	1	1	1	1	1	1	1	1	1	1	1	1	1	1	1	1	1	1	1	1	1	1	1	1	1	1	1	1	1	1	1	1	1	1	1	1	1	1	1	1	1	63	78	78	62	63	78	78	62	63	78	78	62	63	78	78	62	63	78	78	62	63	78	78	62	63	78	78	62	63	78	78	62	0	0	0	0	0	0	0	0	0	0	0	0	0	0	0	0	0	0	0	0	0	0	0	0	0	0	0	0	0	0	0	0	0	0	0	0	0	0	0	0	0	0	0	0	0	0	0	0	0	0	0	0	0	0	0	0	0	0	0	0	0	0	0	0	0	0	0	0	0	0	0	0	0	0	0	0	0	0	0	0	0	0	0	0	0	0	0	0	0	0	0	0	0	0	0	0	
